episode_id,function_id,seed,step_idx,tau,budget_used_before,budget_remaining_frac_before,strategy,box_center,pop_size_action,F,CR,budget_frac_action,sampling_box_action,box_width_frac_initial,box_width_frac_final,box_at_floor,incumbent_in_box,n_stag_before,n_stag_after,segment_best_error,global_best_error_before,global_best_error_after,reward,done
0,12,900000,1,4.720666666666666,15000,0.95,current-to-pbest/1/bin,centroid,146,0.35212206840515137,0.7954468727111816,0.23650209307670594,0.5216692350804806,0.13387258350849152,0.11450152844190598,True,False,0,0,68.77008056640625,239.6640625,68.77008056640625,-1.8373995331957103,False
0,12,900000,2,3.297,85810,0.7139666666666666,current-to-best/1/bin,incumbent,63,0.44394686818122864,0.5063713192939758,0.16485219001770018,0.49505830369889736,0.05959472432732582,2.337495175197546e-08,True,True,0,0,27.427276611328125,68.77008056640625,27.427276611328125,0.3992168465189099,False
0,12,900000,3,7.8613333333333335,135265,0.5491166666666667,rand/1/bin,incumbent,44,0.6651895642280579,0.5042567253112793,0.39320224225521083,0.7535203695297241,0.04146162047982216,3.367889075889252e-05,True,True,0,0,26.86395263671875,27.427276611328125,26.86395263671875,0.009012773416138042,False
0,12,900000,4,3.1144666666666665,253185,0.15605,best/1/bin,random,137,0.42614126205444336,0.7833974361419678,0.3029941618442535,0.9961629882454872,0.041700005531311035,0.0,True,False,0,1,1629.889404296875,26.86395263671875,26.86395263671875,0.0,False
0,12,900000,5,0.006,299902,0.0003266666666666667,best/1/bin,incumbent,45,0.6131777167320251,0.3315305709838867,0.31899418234825133,0.7710394896566868,0.04146621376276016,0.03991803899407387,True,True,1,2,156.209716796875,26.86395263671875,26.86395263671875,0.0,True
1,12,900001,1,5.0038,15000,0.95,current-to-pbest/1/bin,centroid,127,0.3483658730983734,0.7395682334899902,0.2505272164940834,0.5139367524534464,0.1558396816253662,0.1221877709031105,False,False,0,0,129.02597045898438,224.70286560058594,129.02597045898438,-2.1106771343007162,False
1,12,900001,2,3.3432,90057,0.69981,current-to-pbest/1/bin,centroid,84,0.36383554339408875,0.5461289882659912,0.16734738200902938,0.4882979057729244,0.06108077988028526,3.0676524431783037e-08,True,False,0,0,10.887420654296875,129.02597045898438,10.887420654296875,1.0737521309402085,False
1,12,900001,3,7.310933333333334,140205,0.53265,current-to-best/1/bin,incumbent,46,0.659570038318634,0.4449405074119568,0.36559906601905817,0.6728788912296295,0.04169999435544014,2.3569266431877622e-06,True,True,0,0,6.9647216796875,10.887420654296875,6.9647216796875,0.19402123666339688,False
1,12,900001,4,3.342,249869,0.16710333333333333,current-to-pbest/1/bin,incumbent,45,0.6410765647888184,0.5218969583511353,0.3811870455741882,0.8295640535652637,0.04169999435544014,9.351252629130613e-06,True,True,0,1,6.9647216796875,6.9647216796875,6.9647216796875,0.0,True
2,12,900002,1,5.2608,15000,0.95,current-to-pbest/1/bin,centroid,137,0.3414464294910431,0.7807464599609375,0.26344893276691433,0.5205922666937113,0.1503130942583084,0.11425986886024475,False,False,0,0,27.571441650390625,234.4539031982422,27.571441650390625,-1.4404594751657371,False
2,12,900002,2,3.485533333333333,93912,0.68696,best/1/bin,incumbent,49,0.540916383266449,0.42484599351882935,0.17441956251859664,0.5609020031988621,0.06519071757793427,1.0430812125150624e-07,True,True,0,0,16.91436767578125,27.571441650390625,16.91436767578125,0.2122037080821686,False
2,12,900002,3,8.876733333333334,146195,0.5126833333333334,best/1/bin,centroid,47,0.7079562544822693,0.4488247334957123,0.44383524060249324,0.9938573911786079,0.04169999808073044,4.967779204889666e-06,True,True,0,0,16.914306640625,16.91436767578125,16.914306640625,1.567145747172205e-06,False
2,12,900002,4,1.3736,279346,0.06884666666666667,current-to-best/1/bin,incumbent,51,0.6594542264938354,0.3951817750930786,0.43688485920429226,1.1857846602797508,0.04169999435544014,9.883513484965079e-06,True,True,0,1,16.914337158203125,16.914306640625,16.914306640625,0.0,False
2,12,900002,5,0.0033333333333333335,299950,0.00016666666666666666,best/1/bin,random,50,0.587975800037384,0.6345843076705933,0.37667793035507197,0.9678633660078049,0.04170000180602074,0.04022655263543129,True,False,1,2,5151.69384765625,16.914306640625,16.914306640625,0.0,True
3,12,900003,1,4.5592,15000,0.95,current-to-pbest/1/bin,centroid,123,0.3530116081237793,0.7700719237327576,0.2282925486564636,0.49862854927778244,0.1451861709356308,0.1050083115696907,False,False,0,0,24.4996337890625,226.7548828125,24.4996337890625,-1.3891595929263687,False
3,12,900003,2,3.3566666666666665,83388,0.72204,best/1/bin,incumbent,50,0.49179607629776,0.4910218119621277,0.167833049595356,0.5405288748443127,0.058913860470056534,0.0,True,True,0,0,21.38946533203125,24.4996337890625,21.38946533203125,0.058959663983993105,False
3,12,900003,3,8.3664,133738,0.5542066666666666,best/1/bin,incumbent,42,0.6818607449531555,0.40205270051956177,0.41838566362857815,0.8447817154228687,0.04169999063014984,5.858738859387813e-06,True,True,0,0,20.8941650390625,21.38946533203125,20.8941650390625,0.010174907941311151,False
3,12,900003,4,2.7166,259234,0.13588666666666666,current-to-best/1/bin,incumbent,51,0.6840538382530212,0.38860374689102173,0.4483312934637069,1.1700573936104774,0.04169999063014984,5.643288659484824e-06,True,True,0,1,20.8941650390625,20.8941650390625,20.8941650390625,0.0,False
3,12,900003,5,0.0011333333333333334,299983,5.6666666666666664e-05,current-to-best/1/bin,incumbent,17,0.6075843572616577,0.5614172220230103,0.40281742513179775,1.0095813795924187,0.04169999063014984,0.03617667779326439,True,True,1,2,182.56219482421875,20.8941650390625,20.8941650390625,0.0,True
4,12,900004,1,4.6736,15000,0.95,current-to-pbest/1/bin,centroid,138,0.3407585024833679,0.7535178065299988,0.23396409302949905,0.5035574063658714,0.1460675448179245,0.11206696182489395,False,False,0,0,98.69329833984375,229.96710205078125,98.69329833984375,-1.9942876634244804,False
4,12,900004,2,3.4796666666666667,85104,0.71632,current-to-best/1/bin,incumbent,65,0.4378304183483124,0.4614444971084595,0.1741369381546974,0.526842076331377,0.0605183020234108,3.196795717030909e-08,True,True,0,0,19.1719970703125,98.69329833984375,19.1719970703125,0.7116203092430708,False
4,12,900004,3,7.8056,137299,0.5423366666666667,current-to-best/1/bin,centroid,44,0.6581446528434753,0.5071266889572144,0.39035298526287077,0.7475974224507809,0.04170000180602074,4.524727501120651e-06,True,True,0,0,18.90423583984375,19.1719970703125,18.90423583984375,0.006108227251619525,False
4,12,900004,4,3.038666666666667,254383,0.15205666666666667,best/1/bin,incumbent,43,0.633751630783081,0.49979475140571594,0.3789393812417984,0.7936060167849064,0.04169999435544014,8.612076953795622e-07,True,True,0,1,19.89923095703125,18.90423583984375,18.90423583984375,0.0,False
4,12,900004,5,0.0024666666666666665,299963,0.00012333333333333334,best/1/bin,incumbent,37,0.7066393494606018,0.36424750089645386,0.4546626210212707,1.2402187809348106,0.04169999435544014,0.03967186063528061,True,True,1,2,165.570556640625,18.90423583984375,18.90423583984375,0.0,True
5,12,900005,1,5.226,15000,0.95,current-to-pbest/1/bin,centroid,130,0.34414729475975037,0.7645117044448853,0.26172735691070553,0.520377254113555,0.15173383057117462,0.11090335994958878,False,False,0,0,41.590789794921875,239.18154907226562,41.590789794921875,-1.6189971676518413,False
5,12,900005,2,3.4,93390,0.6887,current-to-pbest/1/bin,centroid,60,0.3605194389820099,0.6027944087982178,0.17006331980228423,0.4961686283349991,0.057652853429317474,2.084175498850982e-08,True,True,0,0,25.00048828125,41.590789794921875,25.00048828125,0.22104867657482363,False
5,12,900005,3,7.984,144390,0.5187,current-to-pbest/1/bin,incumbent,40,0.6617606282234192,0.38654768466949463,0.39921041727066037,0.6902191005647182,0.04169999435544014,8.009473276615608e-06,True,True,0,0,19.899169921875,25.00048828125,19.899169921875,0.09911353032183157,False
5,12,900005,4,2.388933333333333,264150,0.1195,current-to-pbest/1/bin,incumbent,41,0.6371471881866455,0.3769647181034088,0.4131301969289779,0.7489851899445057,0.04169999435544014,7.326603281399002e-06,True,True,0,1,19.899169921875,19.899169921875,19.899169921875,0.0,False
5,12,900005,5,0.0010666666666666667,299984,5.333333333333333e-05,current-to-best/1/bin,incumbent,16,0.6630997657775879,0.3600412607192993,0.43925719261169427,0.8401211835443974,0.04169999435544014,0.036514006555080414,True,True,1,2,167.52792358398438,19.899169921875,19.899169921875,0.0,True
6,12,900006,1,4.562666666666667,15000,0.95,current-to-pbest/1/bin,centroid,145,0.3337083160877228,0.7859151363372803,0.22859452515840528,0.5173766054213047,0.13595329225063324,0.09441827237606049,False,False,0,0,21.416595458984375,237.60818481445312,21.416595458984375,-1.3307504335103495,False
6,12,900006,2,3.2774666666666668,83440,0.7218666666666667,current-to-pbest/1/bin,incumbent,94,0.45302990078926086,0.6351161599159241,0.16405999958515166,0.5047857481986284,0.05193765088915825,1.8998980166884394e-08,True,True,0,0,16.9176025390625,21.416595458984375,16.9176025390625,0.10241161579347247,False
6,12,900006,3,8.242,132602,0.5579933333333333,current-to-best/1/bin,centroid,39,0.66973876953125,0.37143176794052124,0.4121050834655761,0.6866177320480347,0.04170000180602074,5.929474809818203e-06,True,True,0,0,16.914306640625,16.9176025390625,16.914306640625,8.461777905566237e-05,False
6,12,900006,4,2.917133333333333,256232,0.14589333333333335,best/1/bin,incumbent,47,0.6235319972038269,0.5118787288665771,0.36402603089809416,0.7950596362352371,0.04169999435544014,1.5581647971885104e-07,True,True,0,1,16.914306640625,16.914306640625,16.914306640625,0.0,True
7,12,900007,1,4.779333333333334,15000,0.95,current-to-pbest/1/bin,centroid,134,0.34191983938217163,0.7662193179130554,0.23916399776935576,0.507149001583457,0.1586267501115799,0.11525130271911621,False,False,0,0,105.43289184570312,217.46585083007812,105.43289184570312,-2.022976118684836,False
7,12,900007,2,3.136,86690,0.7110333333333333,current-to-pbest/1/bin,centroid,80,0.3568986654281616,0.6632329225540161,0.1570415772497654,0.4988851137459278,0.05857600271701813,0.02154133841395378,True,True,0,0,23.850311279296875,105.43289184570312,23.850311279296875,0.6454820669505623,False
7,12,900007,3,5.334466666666667,133730,0.5542333333333334,current-to-best/1/bin,incumbent,49,0.5929877758026123,0.43453294038772583,0.2668701037764549,0.578272208571434,0.04169999435544014,2.4875006943148037e-07,True,True,0,0,17.9093017578125,23.850311279296875,17.9093017578125,0.12441539744846031,False
7,12,900007,4,5.75,213747,0.28751,best/1/bin,incumbent,50,0.6036058068275452,0.514556884765625,0.33331492543220514,0.7429686486721039,0.04169999063014984,1.0712940223811529e-07,True,True,0,1,17.9093017578125,17.9093017578125,17.9093017578125,0.0,True
8,12,900008,1,4.878,15000,0.95,current-to-pbest/1/bin,centroid,135,0.34934550523757935,0.7747517824172974,0.2441180109977722,0.5189667232334614,0.13958923518657684,0.11261589825153351,False,False,0,0,45.42533874511719,236.4420623779297,45.42533874511719,-1.6572981747016908,False
8,12,900008,2,3.416,88170,0.7061,current-to-pbest/1/bin,centroid,60,0.4174535870552063,0.5255586504936218,0.1709887757897377,0.4890743810683489,0.058061063289642334,0.014903103932738304,True,True,0,0,11.794891357421875,45.42533874511719,11.794891357421875,0.5856042293738022,False
8,12,900008,3,5.6096,139410,0.5353,current-to-best/1/bin,incumbent,48,0.6120672225952148,0.3907180726528168,0.28049962818622587,0.5913188457489014,0.04169999435544014,9.36190303946205e-07,True,True,0,0,9.949615478515625,11.794891357421875,9.949615478515625,0.07388764794322955,False
8,12,900008,4,5.0949333333333335,223554,0.25482,best/1/bin,incumbent,41,0.6627335548400879,0.47996261715888977,0.40677853822708127,0.7754653804004192,0.04169999435544014,2.7883847906196024e-06,True,True,0,1,9.949615478515625,9.949615478515625,9.949615478515625,0.0,False
8,12,900008,5,0.0014666666666666667,299978,7.333333333333333e-05,best/1/bin,incumbent,22,0.6832809448242188,0.359127402305603,0.44240543544292443,1.2486132457852364,0.04169999435544014,0.03874050825834274,True,True,1,2,155.92837524414062,9.949615478515625,9.949615478515625,0.0,True
9,12,900009,1,4.811866666666667,15000,0.95,current-to-pbest/1/bin,centroid,151,0.34621378779411316,0.8113088011741638,0.24091609716415402,0.5344256646931171,0.17054516077041626,0.1230391338467598,False,False,0,0,96.78791809082031,238.47564697265625,96.78791809082031,-1.9858211483246622,False
9,12,900009,2,3.1646666666666667,87178,0.7094066666666666,current-to-pbest/1/bin,centroid,101,0.3913961350917816,0.642234206199646,0.15845110490918157,0.511153370141983,0.06294820457696915,0.025401737540960312,True,False,0,0,15.495361328125,96.78791809082031,15.495361328125,0.7956194402679746,False
9,12,900009,3,5.579466666666667,134648,0.5511733333333333,current-to-best/1/bin,incumbent,49,0.5911610722541809,0.5124773383140564,0.2790051281452179,0.5849342998117208,0.04169999435544014,2.2941827637623646e-07,True,True,0,0,11.9395751953125,15.495361328125,11.9395751953125,0.11321283262603155,False
9,12,900009,4,5.443333333333333,218340,0.2722,current-to-pbest/1/bin,incumbent,46,0.6222624778747559,0.5521400570869446,0.36745730042457575,0.763991691172123,0.04169999435544014,9.100774150283542e-06,True,True,0,0,11.93951416015625,11.9395751953125,11.93951416015625,2.220120804974357e-06,True
10,12,900010,1,4.975466666666667,15000,0.95,current-to-pbest/1/bin,centroid,152,0.34280985593795776,0.8203394412994385,0.24910524338483808,0.5347428154200315,0.16184566915035248,0.124191515147686,False,False,0,0,108.76348876953125,227.57748413085938,108.76348876953125,-2.0364831298955846,False
10,12,900010,2,3.1724,89632,0.7012266666666667,current-to-pbest/1/bin,centroid,103,0.3275798261165619,0.7114244103431702,0.15873642489314077,0.48737700283527374,0.06130141392350197,2.5669733005884154e-08,True,False,0,0,30.5762939453125,108.76348876953125,30.5762939453125,0.5510982849309682,False
10,12,900010,3,7.798533333333333,137218,0.5426066666666667,rand/1/bin,incumbent,46,0.6465365886688232,0.4518023431301117,0.3900392204523086,0.7029589749872684,0.04169999435544014,0.0003097167063970119,True,True,0,0,11.946502685546875,30.5762939453125,11.946502685546875,0.40814405954027544,False
10,12,900010,4,3.0536,254196,0.15268,best/1/bin,centroid,66,0.6980698704719543,0.36799943447113037,0.29492932260036464,1.1921063661575317,0.041700005531311035,1.3182163456804119e-05,True,True,0,0,11.939544677734375,11.946502685546875,11.939544677734375,0.00025302005266869543,True
11,12,900011,1,5.032466666666667,15000,0.95,current-to-pbest/1/bin,centroid,137,0.34217309951782227,0.8016279935836792,0.2520304873585701,0.5178876034915447,0.14686331152915955,0.10862430185079575,True,False,0,0,16.277008056640625,220.4093017578125,16.277008056640625,-1.2115745787127237,False
11,12,900011,2,3.328,90487,0.6983766666666666,current-to-pbest/1/bin,incumbent,65,0.4840483069419861,0.5325959920883179,0.1664040356874466,0.5065791998058558,0.05766153335571289,2.034505186543356e-08,True,True,0,0,12.94061279296875,16.277008056640625,12.94061279296875,0.09961973586951167,False
11,12,900011,3,8.525333333333334,140407,0.5319766666666667,current-to-best/1/bin,centroid,40,0.6803772449493408,0.3717649281024933,0.4262931108474731,0.7098366729915142,0.04142016917467117,5.045731541031273e-06,True,True,0,0,12.934478759765625,12.94061279296875,12.934478759765625,0.0002059105232030678,False
11,12,900011,4,2.112,268287,0.10571,best/1/bin,incumbent,45,0.6266114115715027,0.5095171928405762,0.37580417394638055,0.8006779924035072,0.04142070561647415,7.915496667010302e-07,True,True,0,1,12.93450927734375,12.934478759765625,12.934478759765625,0.0,False
11,12,900011,5,0.0022,299967,0.00011,current-to-best/1/bin,incumbent,33,0.710966944694519,0.3960809111595154,0.4672748774290084,1.2543900236487389,0.04142070561647415,0.03862224891781807,True,True,1,2,152.0600128173828,12.934478759765625,12.934478759765625,0.0,True
12,12,900012,1,5.124466666666667,15000,0.95,current-to-pbest/1/bin,centroid,139,0.3469981551170349,0.7982378005981445,0.2565295711159706,0.5241308975964785,0.1571747213602066,0.10708127170801163,False,False,0,0,44.53582763671875,223.48703002929688,44.53582763671875,-1.6487095275861143,False
12,12,900012,2,3.2651333333333334,91867,0.6937766666666667,current-to-pbest/1/bin,incumbent,67,0.4074019491672516,0.5826864242553711,0.16325840801000596,0.5187829360365868,0.059116706252098083,0.012664828449487686,True,True,0,0,19.22027587890625,44.53582763671875,19.22027587890625,0.36494991032176327,False
12,12,900012,3,6.0312,140844,0.53052,current-to-best/1/bin,incumbent,42,0.6204938292503357,0.3633008897304535,0.30164184570312497,0.5885184165090322,0.04169999063014984,1.6357103049813304e-06,True,True,0,0,17.9093017578125,19.22027587890625,17.9093017578125,0.030680962978537618,False
12,12,900012,4,4.578333333333333,231312,0.22896,best/1/bin,incumbent,41,0.6531420350074768,0.5040789246559143,0.3935497492551803,0.7843493707478046,0.04169999063014984,2.921104396591545e-06,True,True,0,1,17.9093017578125,17.9093017578125,17.9093017578125,0.0,True
13,12,900013,1,5.3156,15000,0.95,current-to-pbest/1/bin,centroid,137,0.33315664529800415,0.8005110025405884,0.2658939272165298,0.522170664742589,0.1423816680908203,0.10661455243825912,False,False,0,0,76.45989990234375,215.12730407714844,76.45989990234375,-1.883433725182548,False
13,12,900013,2,3.101933333333333,94734,0.68422,current-to-pbest/1/bin,centroid,119,0.3760462999343872,0.7228727340698242,0.1553405739367008,0.5266316328197718,0.058096546679735184,0.03623225912451744,True,False,0,0,20.299468994140625,76.45989990234375,20.299468994140625,0.5759490474460718,False
13,12,900013,3,4.8152,141263,0.5291233333333333,current-to-best/1/bin,incumbent,52,0.5647682547569275,0.47062402963638306,0.24081588983535768,0.5540545471012592,0.04169999435544014,1.381635570396611e-07,True,True,0,0,6.96478271484375,20.299468994140625,6.96478271484375,0.46457710512771566,False
13,12,900013,4,5.7652,213491,0.28836333333333336,current-to-pbest/1/bin,incumbent,42,0.644371747970581,0.5217071771621704,0.3739267081022262,0.720980815589428,0.04169999435544014,1.0427792403788771e-05,True,True,0,0,6.9647216796875,6.96478271484375,6.9647216796875,3.8059116496125256e-06,False
13,12,900013,5,0.0020666666666666667,299969,0.00010333333333333333,current-to-pbest/1/bin,incumbent,31,0.6621067523956299,0.3670389652252197,0.4293577760457992,0.7631239779293537,0.04169999435544014,0.0391729362308979,True,True,0,1,146.716064453125,6.9647216796875,6.9647216796875,0.0,True
14,12,900014,1,4.850066666666667,15000,0.95,current-to-pbest/1/bin,centroid,133,0.34127116203308105,0.7573075890541077,0.242776919901371,0.5081240572035313,0.13811969757080078,0.10713168978691101,False,False,0,0,63.876739501953125,223.18356323242188,63.876739501953125,-1.8053427401510804,False
14,12,900014,2,3.1564,87751,0.7074966666666667,current-to-pbest/1/bin,incumbent,78,0.4000767469406128,0.5894664525985718,0.15805508345365524,0.5073299817740917,0.057005662471055984,2.169609025770569e-08,True,True,0,0,20.166168212890625,63.876739501953125,20.166168212890625,0.5007193544690192,False
14,12,900014,3,8.2628,135097,0.5496766666666667,current-to-best/1/bin,centroid,39,0.6726362109184265,0.38524702191352844,0.413224583864212,0.6884221658110619,0.04169999808073044,5.49189280718565e-06,True,True,0,0,18.90423583984375,20.166168212890625,18.90423583984375,0.028064258752271254,False
14,12,900014,4,2.728,259039,0.13653666666666667,best/1/bin,incumbent,44,0.6402880549430847,0.4965636134147644,0.38741781711578366,0.8037577494978905,0.04169999435544014,7.10169558715279e-07,True,True,0,1,19.899200439453125,18.90423583984375,18.90423583984375,0.0,False
14,12,900014,5,0.0027333333333333333,299959,0.00013666666666666666,current-to-best/1/bin,incumbent,41,0.690928041934967,0.3685561418533325,0.44408962130546564,1.2977647855877876,0.04169999435544014,0.04000446945428848,True,True,1,2,183.7154083251953,18.90423583984375,18.90423583984375,0.0,True
15,12,900015,1,4.738066666666667,15000,0.95,current-to-pbest/1/bin,centroid,143,0.3328622579574585,0.8210839033126831,0.23707293421030046,0.5281807519495487,0.15379510819911957,0.1123887225985527,False,False,0,0,91.37814331054688,219.7709503173828,91.37814331054688,-1.9608423295367903,False
15,12,900015,2,3.1824,86071,0.7130966666666667,current-to-pbest/1/bin,centroid,68,0.3793301284313202,0.5692362189292908,0.15920871496200562,0.481288380920887,0.05481533706188202,0.015883589163422585,True,False,0,0,19.025543212890625,91.37814331054688,19.025543212890625,0.6815052638137173,False
15,12,900015,3,5.9968,133807,0.5539766666666667,current-to-best/1/bin,incumbent,48,0.6075698733329773,0.4501286447048187,0.2999887734651565,0.6078644469380379,0.04169999435544014,6.254514346437645e-07,True,True,0,0,13.929473876953125,19.025543212890625,13.929473876953125,0.13540235219272256,False
15,12,900015,4,5.082,223759,0.2541366666666667,best/1/bin,incumbent,45,0.6221656799316406,0.5359448790550232,0.3516585260629653,0.7268649972975254,0.04169999435544014,1.1587142978441989e-07,True,True,0,1,14.9244384765625,13.929473876953125,13.929473876953125,0.0,True
16,12,900016,1,5.0654,15000,0.95,current-to-pbest/1/bin,centroid,129,0.34636327624320984,0.7677231431007385,0.25351942181587217,0.5080137643963099,0.1464138776063919,0.11164139956235886,False,False,0,0,45.539947509765625,232.9925537109375,45.539947509765625,-1.6583925257984624,False
16,12,900016,2,3.2604,90981,0.69673,current-to-pbest/1/bin,centroid,66,0.3593308925628662,0.6119155287742615,0.16316466480493547,0.4888585489243269,0.05691457539796829,0.01816464029252529,True,True,0,0,29.720245361328125,45.539947509765625,29.720245361328125,0.18534013514552616,False
16,12,900016,3,5.217,139887,0.53371,current-to-best/1/bin,incumbent,47,0.599153459072113,0.3783620297908783,0.26092789769172664,0.5729067288339138,0.041756536811590195,2.959768039545452e-07,True,True,0,0,21.889129638671875,29.720245361328125,21.889129638671875,0.13282389707467024,False
16,12,900016,4,5.457,218142,0.27286,best/1/bin,incumbent,45,0.6536744832992554,0.47156980633735657,0.3969108253717422,0.8061833716928959,0.04169999435544014,4.398226792545756e-06,True,True,0,0,21.88909912109375,21.889129638671875,21.88909912109375,6.054888992412799e-07,True
17,12,900017,1,4.592933333333334,15000,0.95,current-to-pbest/1/bin,centroid,133,0.3470061123371124,0.7592460513114929,0.22985701411962506,0.5100299939513206,0.1444183737039566,0.11404310911893845,False,False,0,0,102.82354736328125,216.61990356445312,102.82354736328125,-2.012092582783941,False
17,12,900017,2,3.344,83894,0.7203533333333333,current-to-pbest/1/bin,centroid,66,0.3494594097137451,0.606595516204834,0.1673828676342964,0.48387826420366764,0.055898360908031464,2.562999412702993e-08,True,False,0,0,26.762298583984375,102.82354736328125,26.762298583984375,0.5845691708551164,False
17,12,900017,3,7.8773333333333335,134054,0.5531533333333334,current-to-best/1/bin,centroid,40,0.6569243669509888,0.38721680641174316,0.3938796609640121,0.6778640933334827,0.041700005531311035,3.4548836538306205e-06,True,True,0,0,13.929443359375,26.762298583984375,13.929443359375,0.2835896498795143,False
17,12,900017,4,3.1836,252214,0.15928666666666666,best/1/bin,incumbent,42,0.6520562767982483,0.4990021586418152,0.39328595399856564,0.8097831830382347,0.04169999435544014,3.9902724893181585e-06,True,True,0,0,12.93450927734375,13.929443359375,12.93450927734375,0.032183805057153236,False
17,12,900017,5,0.0021333333333333334,299968,0.00010666666666666667,current-to-best/1/bin,incumbent,32,0.705196738243103,0.42746099829673767,0.45445904135704035,1.2812139391899109,0.04169999435544014,0.03898989036679268,True,True,0,1,158.63372802734375,12.93450927734375,12.93450927734375,0.0,True
18,12,900018,1,4.682066666666667,15000,0.95,current-to-pbest/1/bin,centroid,127,0.34550008177757263,0.7913152575492859,0.2344025269150734,0.5049563404172659,0.15595048666000366,0.10642601549625397,False,False,0,0,37.41900634765625,236.77853393554688,37.41900634765625,-1.573092250851955,False
18,12,900018,2,3.4404,85231,0.7158966666666666,best/1/bin,incumbent,47,0.47568419575691223,0.46669238805770874,0.17203922271728517,0.5065375659614801,0.0576448030769825,0.0,True,True,0,0,24.92864990234375,37.41900634765625,24.92864990234375,0.17639349226379775,False
18,12,900018,3,8.5352,136837,0.5438766666666667,current-to-best/1/bin,incumbent,47,0.6895970702171326,0.427157998085022,0.4268822848796844,0.9438763707876205,0.04169999063014984,7.451842066075187e-06,True,True,0,0,24.873992919921875,24.92864990234375,24.873992919921875,0.0009532520379909037,False
18,12,900018,4,2.3408,264865,0.11711666666666666,best/1/bin,incumbent,44,0.6333698630332947,0.49217820167541504,0.39044415354728695,0.8256620280444622,0.04169999063014984,1.4815328768236213e-06,True,True,0,1,24.873992919921875,24.873992919921875,24.873992919921875,0.0,False
18,12,900018,5,0.0015333333333333334,299977,7.666666666666667e-05,current-to-best/1/bin,incumbent,23,0.6783443689346313,0.40485629439353943,0.4444993823766708,1.2978424802422523,0.04169999063014984,0.0378841906785965,True,True,1,2,166.1947784423828,24.873992919921875,24.873992919921875,0.0,True
19,12,900019,1,4.844533333333334,15000,0.95,current-to-pbest/1/bin,centroid,148,0.3432468771934509,0.8215172290802002,0.24240536689758302,0.529011707752943,0.15513557195663452,0.1156751811504364,False,False,0,0,24.73480224609375,222.75979614257812,24.73480224609375,-1.393308442719986,False
19,12,900019,2,3.7716,87668,0.7077733333333334,current-to-best/1/bin,incumbent,42,0.5396352410316467,0.3602188527584076,0.18859325349330902,0.5392773598432541,0.06411726772785187,1.3852118740942387e-07,True,True,0,0,13.9315185546875,24.73480224609375,13.9315185546875,0.24930998470813903,False
19,12,900019,3,8.681733333333334,144242,0.5191933333333333,rand/1/bin,incumbent,46,0.6909701824188232,0.5151340961456299,0.4341734409332275,0.8583466038107872,0.04169999435544014,0.0010528449201956391,True,True,0,1,13.989898681640625,13.9315185546875,13.9315185546875,0.0,False
19,12,900019,4,1.7,274468,0.08510666666666666,best/1/bin,incumbent,68,0.6796954870223999,0.330194890499115,0.386585795879364,1.8683176934719086,0.04169999435544014,0.0002909144095610827,True,True,1,2,13.93280029296875,13.9315185546875,13.9315185546875,0.0,False
19,12,900019,5,0.0021333333333333334,299968,0.00010666666666666667,best/1/bin,random,32,0.6370130181312561,0.48513323068618774,0.39411974549293516,1.978849157691002,0.04107513651251793,0.038696568459272385,True,False,2,3,2991.203857421875,13.9315185546875,13.9315185546875,0.0,True
20,12,900020,1,5.282133333333333,15000,0.95,current-to-pbest/1/bin,centroid,128,0.34565913677215576,0.7752598524093628,0.2641631916165352,0.5194704476743937,0.1441229283809662,0.10181529819965363,False,False,0,0,12.258148193359375,233.82501220703125,12.258148193359375,-1.0884248677512918,False
20,12,900020,2,3.3666,94232,0.6858933333333334,current-to-pbest/1/bin,incumbent,93,0.4741496443748474,0.6090335845947266,0.16848552376031875,0.5096254982054234,0.05426540598273277,1.8517173572263346e-08,True,True,0,0,9.950592041015625,12.258148193359375,9.950592041015625,0.0905759461171638,False
20,12,900020,3,8.528,144731,0.5175633333333334,current-to-best/1/bin,centroid,40,0.682294487953186,0.3730722963809967,0.426427811384201,0.7124831266701221,0.04170000180602074,4.106442247575615e-06,True,True,0,0,9.949615478515625,9.950592041015625,9.949615478515625,4.2624249468881104e-05,False
20,12,900020,4,1.8216,272651,0.09116333333333333,best/1/bin,incumbent,44,0.6508312821388245,0.48384562134742737,0.4028003931045532,0.8438107371330261,0.04169999435544014,3.2401881071564276e-06,True,True,0,1,9.949615478515625,9.949615478515625,9.949615478515625,0.0,False
20,12,900020,5,0.0016666666666666668,299975,8.333333333333333e-05,current-to-best/1/bin,incumbent,25,0.6572183966636658,0.4930298924446106,0.4469764292240142,1.2499566748738289,0.04169999435544014,0.0385543592274189,True,True,1,2,173.26583862304688,9.949615478515625,9.949615478515625,0.0,True
21,12,900021,1,4.9044,15000,0.95,current-to-pbest/1/bin,centroid,122,0.34678328037261963,0.7794878482818604,0.24537551105022432,0.5109143648296595,0.1682184636592865,0.1243157759308815,False,False,0,0,118.34939575195312,227.30809020996094,118.34939575195312,-2.0731660449611775,False
21,12,900021,2,3.4326666666666665,88566,0.70478,current-to-pbest/1/bin,centroid,95,0.30246928334236145,0.6554580330848694,0.1718641549348831,0.5024660341441631,0.0628126934170723,0.02890167012810707,True,False,0,0,17.14300537109375,118.34939575195312,17.14300537109375,0.8390790834995703,False
21,12,900021,3,5.138466666666667,140056,0.5331466666666667,current-to-best/1/bin,incumbent,49,0.5884866118431091,0.4389932155609131,0.25699190348386763,0.5668380837887526,0.04169999063014984,3.2893817092372046e-07,True,True,0,0,8.954681396484375,17.14300537109375,8.954681396484375,0.2820368225180033,False
21,12,900021,4,5.5244,217133,0.2762233333333333,best/1/bin,incumbent,42,0.6382765769958496,0.5016391277313232,0.36856102943420405,0.716618686914444,0.04169999435544014,4.0594738948129816e-07,True,True,0,1,8.954681396484375,8.954681396484375,8.954681396484375,0.0,True
22,12,900022,1,4.600666666666666,15000,0.95,current-to-pbest/1/bin,centroid,134,0.35671794414520264,0.7820852994918823,0.23040734976530075,0.5081330314278603,0.14139363169670105,0.11721034348011017,False,False,0,0,105.7095947265625,208.66725158691406,105.7095947265625,-2.0241144078564552,False
22,12,900022,2,3.4650666666666665,84010,0.7199666666666666,current-to-pbest/1/bin,centroid,89,0.3622554838657379,0.5778475403785706,0.1735393822193146,0.5102402325719595,0.06160755828022957,0.03037017025053501,True,False,0,0,23.399932861328125,105.7095947265625,23.399932861328125,0.6548997963289445,False
22,12,900022,3,4.244066666666667,135986,0.5467133333333334,current-to-pbest/1/bin,incumbent,59,0.5373290181159973,0.5365901589393616,0.21236535012722013,0.5373123735189438,0.04236897453665733,2.5749604901648127e-06,True,True,0,0,19.899200439453125,23.399932861328125,19.899200439453125,0.07037898473421023,False
22,12,900022,4,6.6896,199647,0.33451,current-to-pbest/1/bin,incumbent,37,0.6675375699996948,0.373340904712677,0.414975020289421,0.6927384808659554,0.04169999435544014,5.842527116328711e-06,True,True,0,0,19.899169921875,19.899200439453125,19.899169921875,6.660381144385497e-07,True
23,12,900023,1,4.76,15000,0.95,current-to-pbest/1/bin,centroid,140,0.3453075587749481,0.789253294467926,0.23837867379188538,0.5125642493367195,0.15777698159217834,0.12043739855289459,False,False,0,0,119.77334594726562,222.49594116210938,119.77334594726562,-2.0783601820633293,False
23,12,900023,2,3.4149333333333334,86400,0.712,current-to-pbest/1/bin,centroid,76,0.3565436899662018,0.6141427755355835,0.1708529219031334,0.49324661679565907,0.06203437224030495,0.03789316862821579,True,False,0,0,19.44622802734375,119.77334594726562,19.44622802734375,0.7895248078376751,False
23,12,900023,3,3.6882,137624,0.5412533333333334,current-to-pbest/1/bin,incumbent,81,0.4887942671775818,0.6011171340942383,0.18455379307270048,0.5135684814304113,0.04222695529460907,1.6649561729309426e-08,True,True,0,0,17.90948486328125,19.44622802734375,17.90948486328125,0.03575227971714523,False
23,12,900023,4,7.136066666666666,192947,0.35684333333333335,current-to-best/1/bin,centroid,37,0.6691641807556152,0.36652058362960815,0.41176540851593013,0.6822294592857361,0.041700005531311035,7.570028174086474e-06,True,True,0,0,17.9093017578125,17.90948486328125,17.9093017578125,4.440222695523133e-06,True
24,12,900024,1,4.922666666666666,15000,0.95,current-to-pbest/1/bin,centroid,142,0.33399274945259094,0.7877010703086853,0.24638988226652142,0.5170500501990318,0.1478736698627472,0.11328050494194031,False,False,0,0,21.5848388671875,233.22457885742188,21.5848388671875,-1.3341488111572368,False
24,12,900024,2,3.4428,88840,0.7038666666666666,best/1/bin,incumbent,57,0.5382848978042603,0.43540582060813904,0.17226759940385816,0.587015500292182,0.0671294704079628,9.400645950563558e-08,True,True,0,1,21.88916015625,21.5848388671875,21.5848388671875,0.0,False
24,12,900024,3,8.1432,140482,0.5317266666666667,current-to-best/1/bin,incumbent,54,0.6650843024253845,0.4483892321586609,0.4073012471199035,0.9757974818348885,0.04169999435544014,7.062335953378351e-06,True,True,1,0,12.93450927734375,21.5848388671875,12.93450927734375,0.22239885416507965,False
24,12,900024,4,2.4892,262630,0.12456666666666667,best/1/bin,incumbent,42,0.6559127569198608,0.4886677861213684,0.40780606567859645,0.8195330426096916,0.04169999435544014,4.154781890974846e-06,True,True,0,1,12.93450927734375,12.93450927734375,12.93450927734375,0.0,False
24,12,900024,5,0.0021333333333333334,299968,0.00010666666666666667,current-to-best/1/bin,incumbent,32,0.6983053684234619,0.3752969205379486,0.45663334727287286,1.2632082849740982,0.04169999435544014,0.039281751960515976,True,True,1,2,152.8442840576172,12.93450927734375,12.93450927734375,0.0,True
25,12,900025,1,4.6746,15000,0.95,current-to-pbest/1/bin,centroid,147,0.3423722982406616,0.8212259411811829,0.23388496786355972,0.5267275217920542,0.14655718207359314,0.11235132068395615,False,False,0,0,31.389801025390625,232.77713012695312,31.389801025390625,-1.4967885629282744,False
25,12,900025,2,3.384,85119,0.71627,best/1/bin,incumbent,60,0.4830005168914795,0.5517790913581848,0.1693034365773201,0.5543380547314882,0.0629972368478775,0.0,True,True,0,0,21.143402099609375,31.389801025390625,21.143402099609375,0.17161369355418166,False
25,12,900025,3,7.9976,135879,0.54707,best/1/bin,incumbent,39,0.6707769632339478,0.3951405882835388,0.39988603889942165,0.7710192464292049,0.04169999063014984,4.949649792251876e-06,True,True,0,0,20.8941650390625,21.143402099609375,20.8941650390625,0.005149848373028343,False
25,12,900025,4,2.9438,255843,0.14719,best/1/bin,incumbent,41,0.6558900475502014,0.3986148238182068,0.4155873417854309,0.912002507597208,0.04169999063014984,4.7198132051562425e-06,True,True,0,1,21.889129638671875,20.8941650390625,20.8941650390625,0.0,True
26,12,900026,1,4.699333333333334,15000,0.95,current-to-pbest/1/bin,centroid,133,0.34465041756629944,0.784151554107666,0.23526969850063323,0.5076612494885921,0.14143253862857819,0.10302308201789856,False,False,0,0,17.45220947265625,211.98574829101562,17.45220947265625,-1.2418504172769447,False
26,12,900026,2,3.5434666666666668,85490,0.7150333333333333,current-to-best/1/bin,incumbent,44,0.4938112497329712,0.37993451952934265,0.17724144756793975,0.5319929532706738,0.056667279452085495,1.929203463646445e-08,True,True,0,0,14.97747802734375,17.45220947265625,14.97747802734375,0.06641172585429556,False
26,12,900026,3,8.288,138642,0.53786,best/1/bin,incumbent,42,0.6803271770477295,0.45981311798095703,0.4145333409309387,0.7787739597260952,0.04169999063014984,4.324972451286158e-06,True,True,0,0,14.924407958984375,14.97747802734375,14.924407958984375,0.0015415791524218125,False
26,12,900026,4,2.4682,262962,0.12346,best/1/bin,incumbent,41,0.6552585363388062,0.39311692118644714,0.4163287848234176,0.9601978212594986,0.04169999063014984,3.1756756015965948e-06,True,True,0,1,14.9244384765625,14.924407958984375,14.924407958984375,0.0,True
27,12,900027,1,4.9956,15000,0.95,current-to-pbest/1/bin,centroid,138,0.3385171592235565,0.8035529851913452,0.24989087581634517,0.5240963529795408,0.16361428797245026,0.11091028898954391,False,False,0,0,79.98001098632812,231.456298828125,79.98001098632812,-1.9029814595079841,False
27,12,900027,2,3.4682666666666666,89934,0.70022,current-to-pbest/1/bin,centroid,56,0.35703015327453613,0.6142270565032959,0.1734205737709999,0.4953575264662504,0.05623086169362068,0.01426471397280693,True,True,0,0,22.0421142578125,79.98001098632812,22.0421142578125,0.5597282100357917,False
27,12,900027,3,5.326266666666666,141958,0.5268066666666666,current-to-best/1/bin,incumbent,43,0.6160776019096375,0.3539612293243408,0.2663619056344032,0.5763604324311018,0.04169999435544014,1.0751089121185942e-06,True,True,0,0,13.929443359375,22.0421142578125,13.929443359375,0.19931948742288208,False
27,12,900027,4,5.207066666666667,221852,0.26049333333333335,best/1/bin,incumbent,49,0.6231821775436401,0.5221666097640991,0.371960300207138,0.7647765874862671,0.04169999435544014,1.553694204403655e-07,True,True,0,1,13.929473876953125,13.929443359375,13.929443359375,0.0,False
27,12,900027,5,0.0028,299958,0.00014,best/1/bin,incumbent,42,0.7072018384933472,0.34082481265068054,0.4614538133144378,1.117477536201477,0.04169999435544014,0.03968268260359764,True,True,1,2,160.24195861816406,13.929443359375,13.929443359375,0.0,True
28,12,900028,1,5.2438666666666665,15000,0.95,current-to-pbest/1/bin,centroid,134,0.34408870339393616,0.7772088646888733,0.2622405037283897,0.523498460650444,0.15171948075294495,0.11184584349393845,False,False,0,0,65.00485229492188,243.48892211914062,65.00485229492188,-1.812945775882841,False
28,12,900028,2,3.2853333333333334,93658,0.6878066666666667,current-to-pbest/1/bin,incumbent,64,0.39718884229660034,0.5672475695610046,0.1643796920776367,0.5157366786152124,0.05936167389154434,3.314018570677035e-08,True,True,0,0,19.674957275390625,65.00485229492188,19.674957275390625,0.5190319777101522,False
28,12,900028,3,7.9872,142938,0.52354,current-to-best/1/bin,centroid,39,0.6603859663009644,0.3872987926006317,0.3993660390377044,0.6772833503782749,0.041700005531311035,3.7526287997025065e-06,True,True,0,0,17.909271240234375,19.674957275390625,17.909271240234375,0.04083588392840487,False
28,12,900028,4,2.4825333333333335,262746,0.12418,best/1/bin,incumbent,43,0.632480263710022,0.497801810503006,0.3830663353204727,0.7996923848986626,0.04169999435544014,7.925828526822443e-07,True,True,0,1,17.9093017578125,17.909271240234375,17.909271240234375,0.0,False
28,12,900028,5,0.0010666666666666667,299984,5.333333333333333e-05,current-to-best/1/bin,incumbent,16,0.640650749206543,0.368522047996521,0.40805545747280114,1.0216843709349632,0.04169999435544014,0.037411436438560486,True,True,1,2,169.53326416015625,17.909271240234375,17.909271240234375,0.0,True
29,12,900029,1,4.9476,15000,0.95,current-to-pbest/1/bin,centroid,133,0.34882816672325134,0.7989634275436401,0.24742726683616634,0.5179774686694145,0.1581091731786728,0.10369317978620529,False,False,0,0,15.152618408203125,223.0109100341797,15.152618408203125,-1.1804876867207355,False
29,12,900029,2,3.5690666666666666,89214,0.70262,current-to-best/1/bin,incumbent,56,0.5239779949188232,0.4717833995819092,0.1784989207983017,0.5579969566315413,0.06007884815335274,1.4068682219203765e-07,True,True,0,0,9.9517822265625,15.152618408203125,9.9517822265625,0.18258682243809765,False
29,12,900029,3,6.9536,142750,0.5241666666666667,current-to-best/1/bin,incumbent,48,0.6452271938323975,0.4557357132434845,0.3478330790996551,0.7014876939356327,0.04169999435544014,2.703487780308933e-06,True,True,0,0,9.949615478515625,9.9517822265625,9.949615478515625,9.456689797870954e-05,False
29,12,900029,4,3.529733333333333,247054,0.17648666666666665,current-to-pbest/1/bin,incumbent,46,0.6379426717758179,0.5107923746109009,0.3878366976976394,0.8057016730308533,0.04169999435544014,1.3692598258785438e-05,True,True,0,1,9.949615478515625,9.949615478515625,9.949615478515625,0.0,True
30,12,900030,1,4.9504,15000,0.95,current-to-pbest/1/bin,centroid,136,0.3440093398094177,0.7744488716125488,0.24785619229078293,0.5108721572905779,0.14558473229408264,0.1113598421216011,False,False,0,0,72.55670166015625,221.84649658203125,72.55670166015625,-1.8606775320590856,False
30,12,900030,2,3.049733333333333,89256,0.70248,current-to-pbest/1/bin,centroid,89,0.356849730014801,0.6348829865455627,0.1526595115661621,0.48633248917758465,0.057083163410425186,0.02635258436203003,True,False,0,0,16.079071044921875,72.55670166015625,16.079071044921875,0.6544165776575457,False
30,12,900030,3,5.2716,135002,0.5499933333333333,current-to-best/1/bin,incumbent,46,0.5974929332733154,0.39571720361709595,0.26362096965312953,0.5693637542426586,0.04169999435544014,2.0901362063341367e-07,True,True,0,0,8.954681396484375,16.079071044921875,8.954681396484375,0.254210815457936,False
30,12,900030,4,5.727533333333334,214076,0.28641333333333335,best/1/bin,incumbent,53,0.5990718603134155,0.5696043968200684,0.31859252154827117,0.735568642616272,0.04169999435544014,9.783108367855675e-08,True,True,0,0,8.95465087890625,8.954681396484375,8.95465087890625,1.480079275140156e-06,True
31,12,900031,1,4.633333333333334,15000,0.95,current-to-pbest/1/bin,centroid,139,0.347441166639328,0.7714642286300659,0.231724314391613,0.5159812774509192,0.1407468616962433,0.10403001308441162,False,False,0,0,14.184295654296875,221.0342254638672,14.184295654296875,-1.1518077753307596,False
31,12,900031,2,3.5112,84500,0.7183333333333334,best/1/bin,centroid,57,0.5238726735115051,0.4376122057437897,0.17571966946125028,0.5135842990130186,0.05543840304017067,1.3462702952438121e-07,True,True,0,0,10.9447021484375,14.184295654296875,10.9447021484375,0.11260382785596335,False
31,12,900031,3,8.619,137168,0.5427733333333333,current-to-best/1/bin,incumbent,45,0.6904337406158447,0.395413339138031,0.43108047842979424,0.9028975628316402,0.04169999435544014,7.832129995222203e-06,True,True,0,0,10.944580078125,10.9447021484375,10.944580078125,4.843874049864638e-06,False
31,12,900031,4,2.236,266453,0.11182333333333333,best/1/bin,incumbent,43,0.6514027714729309,0.48125797510147095,0.40528993904590604,0.8431246802210808,0.04169999435544014,2.8265317268960644e-06,True,True,0,1,10.944580078125,10.944580078125,10.944580078125,0.0,True
32,12,900032,1,4.8533333333333335,15000,0.95,current-to-pbest/1/bin,centroid,140,0.34562739729881287,0.8019419312477112,0.24286843687295911,0.5291054453700781,0.14885036647319794,0.10582832247018814,False,False,0,0,25.814453125,215.79067993164062,25.814453125,-1.4118629291908151,False
32,12,900032,2,3.5469333333333335,87800,0.7073333333333334,best/1/bin,incumbent,47,0.530430257320404,0.4701597988605499,0.17744065523147584,0.5740923509001732,0.06345546990633011,1.0291735463852092e-07,True,True,0,0,20.89434814453125,25.814453125,20.89434814453125,0.09183410227809752,False
32,12,900032,3,8.613,141004,0.5299866666666667,current-to-best/1/bin,incumbent,45,0.6963016390800476,0.4253855347633362,0.4307124257087707,0.9177341274917126,0.04169999063014984,8.69496761879418e-06,True,True,0,0,20.8941650390625,20.89434814453125,20.8941650390625,3.8059116531652393e-06,False
32,12,900032,4,1.986,270199,0.09933666666666667,best/1/bin,incumbent,45,0.6389710903167725,0.4876522719860077,0.40101498067378993,0.8586792647838593,0.04169999435544014,1.7747879610396922e-06,True,True,0,1,20.8941650390625,20.8941650390625,20.8941650390625,0.0,True
33,12,900033,1,4.5758,15000,0.95,current-to-pbest/1/bin,centroid,137,0.34803536534309387,0.7472579479217529,0.2291751027107239,0.5053216200321913,0.14067021012306213,0.10819223523139954,False,False,0,0,91.46980285644531,213.74444580078125,91.46980285644531,-1.961277743104861,False
33,12,900033,2,3.4672,83637,0.72121,current-to-pbest/1/bin,centroid,88,0.3970468044281006,0.5917152166366577,0.17354573905467985,0.509903596714139,0.05751059949398041,1.78416552643057e-08,True,False,0,0,25.72381591796875,91.46980285644531,25.72381591796875,0.5509423498660893,False
33,12,900033,3,8.391333333333334,135645,0.54785,rand/1/bin,incumbent,41,0.6764926910400391,0.4115334749221802,0.41965150535106654,0.7227816432714462,0.04169999808073044,0.012845167890191078,True,True,0,1,26.31390380859375,25.72381591796875,25.72381591796875,0.0,False
33,12,900033,4,2.5636,261515,0.12828333333333333,current-to-pbest/1/bin,incumbent,102,0.37008631229400635,0.5701900720596313,0.20899805128574372,1.1071797981858253,0.04169999808073044,2.4080273774984562e-08,True,True,1,0,24.96636962890625,25.72381591796875,24.96636962890625,0.012979997079448191,False
33,12,900033,5,0.0020666666666666667,299969,0.00010333333333333333,current-to-pbest/1/bin,incumbent,31,0.6707852482795715,0.3572078049182892,0.4133970767259597,0.7041395157575607,0.04169999808073044,0.039099909365177155,True,True,0,1,156.79434204101562,24.96636962890625,24.96636962890625,0.0,True
34,12,900034,1,4.896,15000,0.95,current-to-pbest/1/bin,centroid,144,0.34561899304389954,0.7903911471366882,0.24499344378709792,0.5256569255143404,0.15698681771755219,0.11011376976966858,True,False,0,0,17.302734375,218.65185546875,17.302734375,-1.2381147409599078,False
34,12,900034,2,3.25,88440,0.7052,current-to-pbest/1/bin,centroid,65,0.3989487886428833,0.5760587453842163,0.16268914937973022,0.4883490055799484,0.056303661316633224,2.241134211544704e-08,True,True,0,1,17.52886962890625,17.302734375,17.302734375,0.0,False
34,12,900034,3,7.528,137190,0.5427,best/1/bin,incumbent,40,0.6451572775840759,0.3416711091995239,0.376407778263092,0.6497845649719238,0.04169999435544014,1.936674152602791e-06,True,True,1,0,11.939544677734375,17.302734375,11.939544677734375,0.16112697558823563,False
34,12,900034,4,3.3234666666666666,250110,0.1663,best/1/bin,incumbent,44,0.6960210204124451,0.39062047004699707,0.4347158640623092,1.0322637110948563,0.04169999063014984,5.350589162844699e-06,True,True,0,0,11.93951416015625,11.939544677734375,11.93951416015625,1.1100618211301594e-06,False
34,12,900034,5,0.002533333333333333,299962,0.00012666666666666666,current-to-best/1/bin,incumbent,38,0.6807694435119629,0.441220223903656,0.4514670372009277,1.3470584377646446,0.04169999435544014,0.039980292320251465,True,True,0,1,169.0699005126953,11.93951416015625,11.93951416015625,0.0,True
35,12,900035,1,5.546666666666667,15000,0.95,current-to-pbest/1/bin,centroid,130,0.336482435464859,0.790188729763031,0.2776926696300506,0.5181367509067059,0.14760559797286987,0.10702864080667496,False,False,0,0,50.9149169921875,237.1302032470703,50.9149169921875,-1.7068450401487507,False
35,12,900035,2,3.45,98200,0.6726666666666666,current-to-best/1/bin,incumbent,46,0.4340587556362152,0.45616450905799866,0.17262786030769348,0.5000520292669535,0.055495962500572205,1.764297330453246e-08,True,True,0,0,33.24261474609375,50.9149169921875,33.24261474609375,0.1851498634999269,False
35,12,900035,3,7.490666666666667,149950,0.5001666666666666,best/1/bin,incumbent,40,0.653019905090332,0.483910471200943,0.3745317339897155,0.6949715875089169,0.04169999435544014,3.4429233437549556e-06,True,True,0,0,32.83367919921875,33.24261474609375,32.83367919921875,0.005375625910551296,False
35,12,900035,4,2.5116,262310,0.12563333333333335,best/1/bin,incumbent,39,0.654496431350708,0.3962506949901581,0.40775797367095945,0.8625353537499905,0.04169999435544014,2.5778608687687665e-06,True,True,0,0,32.833648681640625,32.83367919921875,32.833648681640625,4.03659360159736e-07,False
35,12,900035,5,0.0010666666666666667,299984,5.333333333333333e-05,current-to-best/1/bin,incumbent,16,0.6634038090705872,0.46248024702072144,0.44955904781818384,1.1546803265810013,0.04169999063014984,0.03699977695941925,True,True,0,1,196.455078125,32.833648681640625,32.833648681640625,0.0,True
36,12,900036,1,5.254133333333334,15000,0.95,current-to-pbest/1/bin,centroid,122,0.32913926243782043,0.7604696750640869,0.262862092256546,0.5052607469260693,0.15762747824192047,0.11806302517652512,False,False,0,0,131.15093994140625,223.8658905029297,131.15093994140625,-2.1177714075016385,False
36,12,900036,2,3.128,93812,0.6872933333333333,current-to-pbest/1/bin,centroid,92,0.3507182002067566,0.6287563443183899,0.15655879974365233,0.4932411462068558,0.05969491973519325,2.536177312606469e-08,True,False,0,0,27.94500732421875,131.15093994140625,27.94500732421875,0.6714671795683114,False
36,12,900036,3,7.6608,140732,0.5308933333333333,rand/1/bin,incumbent,48,0.637381374835968,0.47754257917404175,0.38305973708629604,0.7031728811562061,0.04169999435544014,2.246180156362243e-05,True,True,0,0,12.934478759765625,27.94500732421875,12.934478759765625,0.3345552956133182,False
36,12,900036,4,2.9557333333333333,255644,0.14785333333333334,current-to-pbest/1/bin,centroid,136,0.42208239436149597,0.8339889645576477,0.3195383489131927,0.9062685929238796,0.04169999808073044,1.8279065372439618e-08,True,True,0,1,12.9464111328125,12.934478759765625,12.934478759765625,0.0,False
36,12,900036,5,0.0013333333333333333,299980,6.666666666666667e-05,best/1/bin,incumbent,20,0.6659056544303894,0.3211333751678467,0.40308873057365413,0.6808075569570065,0.04169999435544014,0.0387294627726078,True,True,1,2,156.3717498779297,12.934478759765625,12.934478759765625,0.0,True
37,12,900037,1,5.2374,15000,0.95,current-to-pbest/1/bin,centroid,129,0.34348106384277344,0.795953094959259,0.2619240567088127,0.5132764708250761,0.14733892679214478,0.09538222849369049,False,False,0,0,23.609283447265625,211.8092498779297,23.609283447265625,-1.373082806423163,False
37,12,900037,2,3.72,93561,0.68813,best/1/bin,centroid,50,0.5423798561096191,0.41339385509490967,0.18606464117765426,0.5233717560768127,0.0513811893761158,9.632109509993825e-08,True,True,0,0,22.88409423828125,23.609283447265625,22.88409423828125,0.013549078681385884,False
37,12,900037,3,8.636666666666667,149361,0.50213,current-to-best/1/bin,incumbent,50,0.6859496235847473,0.46356043219566345,0.4319505870342254,0.9850447848439217,0.04169999435544014,2.7586620490183122e-06,True,True,0,0,22.884063720703125,22.88409423828125,22.884063720703125,5.791631723095492e-07,False
37,12,900037,4,1.404,278911,0.07029666666666666,current-to-pbest/1/bin,incumbent,52,0.6038332581520081,0.5100627541542053,0.37657627463340754,0.8635873459279537,0.04169999435544014,9.66771494859131e-06,True,True,0,1,22.884063720703125,22.884063720703125,22.884063720703125,0.0,False
37,12,900037,5,0.0019333333333333333,299971,9.666666666666667e-05,current-to-best/1/bin,incumbent,29,0.6368201375007629,0.43581417202949524,0.42755321264266966,0.7914849855005741,0.04169999435544014,0.0388403944671154,True,True,1,2,138.29489135742188,22.884063720703125,22.884063720703125,0.0,True
38,12,900038,1,4.744533333333333,15000,0.95,current-to-pbest/1/bin,centroid,139,0.34585535526275635,0.8063869476318359,0.2375251680612564,0.5170248486101627,0.15216746926307678,0.11510750651359558,False,False,0,0,95.12142944335938,232.50631713867188,95.12142944335938,-1.9782783680934093,False
38,12,900038,2,3.3013333333333335,86168,0.7127733333333334,current-to-pbest/1/bin,centroid,80,0.36036595702171326,0.5058469772338867,0.16525053828954694,0.49120936542749405,0.05826261267066002,0.02618016116321087,True,False,0,0,10.052215576171875,95.12142944335938,10.052215576171875,0.9760165739189104,False
38,12,900038,3,4.682533333333334,135688,0.5477066666666667,current-to-best/1/bin,incumbent,58,0.56587153673172,0.5231518149375916,0.23429562747478483,0.5559680853039026,0.04227157309651375,1.408855041518109e-07,True,True,0,0,7.959747314453125,10.052215576171875,7.959747314453125,0.10136251253449746,False
38,12,900038,4,6.27,205926,0.31358,best/1/bin,incumbent,38,0.6749173402786255,0.4669862687587738,0.4089226156473159,0.757265243679285,0.04169999435544014,3.294666839792626e-06,True,True,0,0,7.959686279296875,7.959747314453125,7.959686279296875,3.3301726938272935e-06,False
38,12,900038,5,0.0016,299976,8e-05,best/1/bin,incumbent,24,0.679183304309845,0.39241456985473633,0.44044181704521174,1.0363994762301445,0.04169999435544014,0.038184914737939835,True,True,0,1,144.53736877441406,7.959686279296875,7.959686279296875,0.0,True
39,12,900039,1,5.0568,15000,0.95,current-to-pbest/1/bin,centroid,129,0.35400018095970154,0.78929203748703,0.25310156047344207,0.5161760877817869,0.14661897718906403,0.1032671108841896,False,False,0,0,34.363006591796875,198.98081970214844,34.363006591796875,-1.5360911555504875,False
39,12,900039,2,3.3189333333333333,90852,0.69716,best/1/bin,incumbent,56,0.4579259753227234,0.575637698173523,0.16603036373853683,0.549706494435668,0.05835345759987831,0.0,True,True,0,0,33.685546875,34.363006591796875,33.685546875,0.008647553031754907,False
39,12,900039,3,7.6154,140636,0.5312133333333333,best/1/bin,incumbent,39,0.6577731966972351,0.38696402311325073,0.3807818710803985,0.7549529671669006,0.04169999435544014,3.605206984502729e-06,True,True,0,0,31.83868408203125,33.685546875,31.83868408203125,0.0244884926798401,False
39,12,900039,4,3.006666666666667,254867,0.15044333333333335,best/1/bin,incumbent,41,0.6639110445976257,0.38937675952911377,0.4276046305894851,0.9135534092783928,0.04169999435544014,6.424108505598269e-06,True,True,0,1,31.83868408203125,31.83868408203125,31.83868408203125,0.0,False
39,12,900039,5,0.0022,299967,0.00011,current-to-best/1/bin,incumbent,33,0.6808792352676392,0.3906250298023224,0.456344124674797,1.272235207259655,0.04169999435544014,0.03898346796631813,True,True,1,2,202.5311737060547,31.83868408203125,31.83868408203125,0.0,True
40,12,900040,1,4.844533333333334,15000,0.95,current-to-pbest/1/bin,centroid,148,0.3455205261707306,0.8025572896003723,0.2424750104546547,0.5300895981490612,0.1593092828989029,0.1179196909070015,False,False,0,0,66.07638549804688,232.46463012695312,66.07638549804688,-1.8200462783068254,False
40,12,900040,2,3.277,87668,0.7077733333333334,current-to-pbest/1/bin,centroid,87,0.3629826307296753,0.6959871053695679,0.16393771767616272,0.5051517449319363,0.0606006495654583,2.1815299788841003e-08,True,True,0,0,29.404266357421875,66.07638549804688,29.404266357421875,0.3516359300237957,False
40,12,900040,3,7.6912,136823,0.5439233333333333,rand/1/bin,incumbent,44,0.6414076089859009,0.4106791913509369,0.3846931487321853,0.6794911734759808,0.04169999435544014,1.725653601170052e-05,True,True,0,0,13.929443359375,29.404266357421875,13.929443359375,0.32447658623371933,False
40,12,900040,4,3.1844,252191,0.15936333333333333,current-to-pbest/1/bin,centroid,114,0.4356544017791748,0.835469126701355,0.3693232327699661,0.896725345402956,0.04169999808073044,1.9431110942491614e-08,True,True,0,1,13.962432861328125,13.929443359375,13.929443359375,0.0,False
40,12,900040,5,0.0024,299957,0.00014333333333333334,best/1/bin,incumbent,36,0.6644942164421082,0.3182137906551361,0.39823412001132963,0.674272682517767,0.04169999435544014,0.03931219130754471,True,True,1,2,165.754150390625,13.929443359375,13.929443359375,0.0,True
41,12,900041,1,5.000666666666667,15000,0.95,current-to-pbest/1/bin,centroid,130,0.33930808305740356,0.7356010675430298,0.2500677272677421,0.5069231912493706,0.14373070001602173,0.11224547028541565,False,False,0,0,92.95782470703125,241.6911163330078,92.95782470703125,-1.9682859523478549,False
41,12,900041,2,3.3088,90010,0.6999666666666666,current-to-pbest/1/bin,centroid,88,0.33497002720832825,0.5768137574195862,0.1656830847263336,0.4924736861139536,0.05709540843963623,0.01362236775457859,True,False,0,0,20.12548828125,92.95782470703125,20.12548828125,0.6645395261838318,False
41,12,900041,3,6.4108,139642,0.5345266666666667,current-to-best/1/bin,incumbent,47,0.6211690306663513,0.44677525758743286,0.32065151929855346,0.6306102946400642,0.04196593537926674,1.391450609844469e-06,True,True,0,0,11.9395751953125,20.12548828125,11.9395751953125,0.226757550733367,False
41,12,900041,4,4.277666666666667,235804,0.21398666666666666,best/1/bin,incumbent,41,0.6554185152053833,0.4810311198234558,0.3956623643636703,0.7603141441941261,0.04169999435544014,3.1467473036173033e-06,True,True,0,0,11.939544677734375,11.9395751953125,11.939544677734375,1.1100589838441977e-06,False
41,12,900041,5,0.0020666666666666667,299969,0.00010333333333333333,current-to-best/1/bin,incumbent,31,0.6963835954666138,0.38604936003685,0.4491816878318786,1.0942901074886322,0.04169999435544014,0.03871401026844978,True,True,0,1,149.01998901367188,11.939544677734375,11.939544677734375,0.0,True
42,12,900042,1,4.965333333333334,15000,0.95,current-to-pbest/1/bin,centroid,140,0.347821444272995,0.7992220520973206,0.24828045070171356,0.5237558651715517,0.1643425077199936,0.11143338680267334,False,False,0,0,86.60877990722656,251.5421600341797,86.60877990722656,-1.937561920612296,False
42,12,900042,2,3.0556666666666668,89480,0.7017333333333333,current-to-pbest/1/bin,centroid,89,0.36786919832229614,0.6065436005592346,0.15286095887422563,0.49304733984172344,0.056928057223558426,4.468360970122376e-08,True,False,0,0,23.728515625,86.60877990722656,23.728515625,0.5622913493436159,False
42,12,900042,3,6.984,135315,0.54895,current-to-best/1/bin,incumbent,45,0.6371355056762695,0.3981846272945404,0.3492616236209869,0.6427078358829021,0.04169999063014984,3.397435193619458e-06,True,True,0,0,19.89923095703125,23.728515625,19.89923095703125,0.07643427843828676,False
42,12,900042,4,3.9928,240075,0.19975,best/1/bin,incumbent,42,0.6508791446685791,0.49069350957870483,0.3966542989015579,0.7753201127052307,0.04169999435544014,3.653139174275566e-06,True,True,0,1,19.89923095703125,19.89923095703125,19.89923095703125,0.0,False
42,12,900042,5,0.0022,299967,0.00011,best/1/bin,incumbent,33,0.6924650073051453,0.3514178395271301,0.44977367818355557,1.1175880134105682,0.04169999435544014,0.039255525916814804,True,True,1,2,171.87344360351562,19.89923095703125,19.89923095703125,0.0,True
43,12,900043,1,5.1604,15000,0.95,current-to-pbest/1/bin,centroid,133,0.34276142716407776,0.7580543160438538,0.2583295479416847,0.5185486227273941,0.14228489995002747,0.10490511357784271,False,False,0,0,62.858306884765625,203.03549194335938,62.858306884765625,-1.7983626790015848,False
43,12,900043,2,3.3728,92406,0.69198,current-to-best/1/bin,incumbent,62,0.4452826976776123,0.47755029797554016,0.16879657953977584,0.50005754083395,0.05445392057299614,1.8119809652716867e-08,True,True,0,0,10.71478271484375,62.858306884765625,10.71478271484375,0.7683793101900593,False
43,12,900043,3,7.970666666666666,142998,0.52334,current-to-best/1/bin,centroid,40,0.6707190871238708,0.5032393336296082,0.39859718382358544,0.7245815694332123,0.04170000180602074,3.927151283278363e-06,True,True,0,0,9.949615478515625,10.71478271484375,9.949615478515625,0.03217707142686632,False
43,12,900043,4,2.494,262558,0.12480666666666666,best/1/bin,incumbent,43,0.6476206183433533,0.4880494177341461,0.3897313296794891,0.8070716969668865,0.04169999435544014,2.2142728539620293e-06,True,True,0,1,9.949615478515625,9.949615478515625,9.949615478515625,0.0,False
43,12,900043,5,0.0021333333333333334,299968,0.00010666666666666667,current-to-best/1/bin,incumbent,32,0.7009018063545227,0.3902730643749237,0.45644223988056176,1.36660036444664,0.04169999435544014,0.0394703708589077,True,True,1,2,148.4731903076172,9.949615478515625,9.949615478515625,0.0,True
44,12,900044,1,4.8504,15000,0.95,current-to-pbest/1/bin,centroid,129,0.34945976734161377,0.7922971248626709,0.24289975166320799,0.5161983594298363,0.13284367322921753,0.09252757579088211,False,False,0,0,25.023193359375,228.15554809570312,25.023193359375,-1.3983427319841508,False
44,12,900044,2,3.692266666666667,87756,0.70748,best/1/bin,centroid,43,0.5369173288345337,0.41747429966926575,0.18462406694889066,0.5454234536737204,0.05251496657729149,9.393692579351409e-08,True,True,0,0,19.89923095703125,25.023193359375,19.89923095703125,0.09950643915375745,False
44,12,900044,3,8.829333333333333,143140,0.5228666666666667,best/1/bin,incumbent,43,0.705718457698822,0.3852884769439697,0.441498526930809,0.9426399767398834,0.04169999435544014,6.522655894514173e-06,True,True,0,0,19.899169921875,19.89923095703125,19.899169921875,1.332075207249872e-06,False
44,12,900044,4,1.6253333333333333,275580,0.0814,current-to-best/1/bin,incumbent,46,0.6516605019569397,0.3953523635864258,0.4289444476366043,1.0880867466330528,0.04169999435544014,3.841400030069053e-06,True,True,0,1,19.899169921875,19.899169921875,19.899169921875,0.0,False
44,12,900044,5,0.0026666666666666666,299960,0.00013333333333333334,best/1/bin,random,40,0.5849526524543762,0.643829345703125,0.38819809854030607,0.9402125924825668,0.04101463034749031,0.03923739120364189,True,False,1,2,2815.373046875,19.899169921875,19.899169921875,0.0,True
45,12,900045,1,4.888,15000,0.95,current-to-pbest/1/bin,centroid,141,0.3324998617172241,0.7884920239448547,0.24451032429933545,0.5148630440235138,0.1412542462348938,0.11592690646648407,False,False,0,0,122.55741882324219,221.77337646484375,122.55741882324219,-2.0883396057620587,False
45,12,900045,2,3.2396,88320,0.7056,current-to-pbest/1/bin,centroid,91,0.3753453195095062,0.5556073784828186,0.1620213732123375,0.49538451060652733,0.059064410626888275,0.03260292112827301,True,False,0,0,18.77459716796875,122.55741882324219,18.77459716796875,0.8147689780758454,False
45,12,900045,3,4.416,136914,0.54362,current-to-pbest/1/bin,incumbent,60,0.5448302030563354,0.5527479648590088,0.2209493979811668,0.5421577375382185,0.041862852871418,2.8244655823073117e-06,True,True,0,0,14.924407958984375,18.77459716796875,14.924407958984375,0.09967351541598601,False
45,12,900045,4,6.455266666666667,203154,0.32282,current-to-pbest/1/bin,incumbent,37,0.6687756776809692,0.3687165677547455,0.41600265502929684,0.6918068826198578,0.04169999063014984,1.1941273442062084e-05,True,True,0,1,14.924407958984375,14.924407958984375,14.924407958984375,0.0,False
45,12,900045,5,0.0011333333333333334,299983,5.6666666666666664e-05,best/1/bin,incumbent,17,0.6474034190177917,0.3314175307750702,0.42616567909717556,0.767521470785141,0.04169999063014984,0.037079259753227234,True,True,1,2,131.91737365722656,14.924407958984375,14.924407958984375,0.0,True
46,12,900046,1,4.7422,15000,0.95,current-to-pbest/1/bin,centroid,131,0.3480800688266754,0.746257483959198,0.23713508099317548,0.5088444948196411,0.1526845097541809,0.10827571898698807,False,False,0,0,71.53343200683594,213.40737915039062,71.53343200683594,-1.8545090620389428,False
46,12,900046,2,3.3274666666666666,86133,0.71289,best/1/bin,incumbent,68,0.482740193605423,0.4542290270328522,0.1664321184158325,0.5710216294974089,0.06264949589967728,0.0,True,True,0,0,15.91961669921875,71.53343200683594,15.91961669921875,0.6525764548606066,False
46,12,900046,3,8.3136,136045,0.5465166666666667,best/1/bin,centroid,48,0.6751137971878052,0.5411825776100159,0.41571391522884366,0.8965491391718388,0.04169999435544014,4.9283898988505825e-06,True,True,0,0,15.91937255859375,15.91961669921875,15.91937255859375,6.660319856299779e-06,False
46,12,900046,4,2.615866666666667,260749,0.13083666666666666,current-to-best/1/bin,incumbent,46,0.6653925180435181,0.3924029469490051,0.4338768154382705,1.0684133619070053,0.04169999435544014,4.8410097406303976e-06,True,True,0,1,15.91937255859375,15.91937255859375,15.91937255859375,0.0,True
47,12,900047,1,4.766666666666667,15000,0.95,current-to-pbest/1/bin,centroid,125,0.3552495837211609,0.7505842447280884,0.23872516155242918,0.5126966089010239,0.14692817628383636,0.114959716796875,False,False,0,0,106.95719909667969,210.4811553955078,106.95719909667969,-2.0292100215123385,False
47,12,900047,2,3.2356666666666665,86500,0.7116666666666667,current-to-pbest/1/bin,centroid,85,0.34819871187210083,0.6411830186843872,0.16198490858078002,0.5011012144386768,0.06028391420841217,0.016026673838496208,True,False,0,0,15.1087646484375,106.95719909667969,15.1087646484375,0.8499810650460025,False
47,12,900047,3,5.408,135035,0.5498833333333333,current-to-best/1/bin,incumbent,48,0.603832483291626,0.40603721141815186,0.2704050406813621,0.5804287474602461,0.04252050817012787,3.230571792300907e-07,True,True,0,0,11.939544677734375,15.1087646484375,11.939544677734375,0.1022411910946639,False
47,12,900047,4,5.587133333333333,216155,0.2794833333333333,best/1/bin,incumbent,43,0.6584047675132751,0.4928613007068634,0.39879623055458063,0.7913988083600998,0.04169999435544014,4.078328402101761e-06,True,True,0,1,11.939544677734375,11.939544677734375,11.939544677734375,0.0,False
47,12,900047,5,0.002533333333333333,299962,0.00012666666666666666,best/1/bin,incumbent,38,0.6862131357192993,0.35286152362823486,0.4466520428657531,1.1031595095992088,0.04169999435544014,0.03949404135346413,True,True,1,2,146.84095764160156,11.939544677734375,11.939544677734375,0.0,True
48,12,900048,1,4.758466666666667,15000,0.95,current-to-pbest/1/bin,centroid,137,0.34063616394996643,0.7677440643310547,0.23826964199543,0.5128387827426195,0.15310055017471313,0.11256017535924911,False,False,0,0,92.69021606445312,220.44317626953125,92.69021606445312,-1.9670338945638517,False
48,12,900048,2,3.1666,86377,0.7120766666666667,current-to-pbest/1/bin,centroid,71,0.3755951523780823,0.5321428179740906,0.15843641981482504,0.48402742482721806,0.05579209700226784,0.021115554496645927,True,True,0,0,18.405914306640625,92.69021606445312,18.405914306640625,0.7020764985997481,False
48,12,900048,3,5.161333333333333,133876,0.5537466666666667,current-to-best/1/bin,incumbent,49,0.5940020084381104,0.4194719195365906,0.2581418469548225,0.5731850527226925,0.04169999435544014,4.166762437307625e-07,True,True,0,0,14.924407958984375,18.405914306640625,14.924407958984375,0.09106028369387631,False
48,12,900048,4,5.9136,211296,0.29568,best/1/bin,incumbent,44,0.6402151584625244,0.4959053099155426,0.38046343922615045,0.7709639258682728,0.04169999435544014,5.860327974005486e-07,True,True,0,1,14.9244384765625,14.924407958984375,14.924407958984375,0.0,True
49,12,900049,1,4.392533333333334,15000,0.95,current-to-pbest/1/bin,centroid,142,0.3540135622024536,0.7881801724433899,0.21979140788316726,0.5207632482051849,0.1483938843011856,0.10970783978700638,False,False,0,0,8.90606689453125,225.46409606933594,8.90606689453125,-0.9496859533327742,False
49,12,900049,2,3.8704,80888,0.7303733333333333,best/1/bin,centroid,41,0.5152069330215454,0.4086662828922272,0.1936330169439316,0.5664532985538244,0.06266538798809052,1.0873873890204777e-07,True,True,0,1,11.939697265625,8.90606689453125,8.90606689453125,0.0,False
49,12,900049,3,8.7584,138944,0.5368533333333333,current-to-best/1/bin,incumbent,51,0.706298291683197,0.41585904359817505,0.43796731829643243,1.026688627898693,0.04169999435544014,7.176836334110703e-06,True,True,1,0,6.9647216796875,8.90606689453125,6.9647216796875,0.10678218663566319,False
49,12,900049,4,1.9766666666666666,270320,0.09893333333333333,rand/1/bin,incumbent,50,0.6380301713943481,0.5138811469078064,0.4022228330373764,0.9260994158685207,0.04169999435544014,0.03549673408269882,True,True,0,1,38.282745361328125,6.9647216796875,6.9647216796875,0.0,False
49,12,900049,5,0.002,299970,0.0001,best/1/bin,incumbent,30,0.32448580861091614,0.3421512246131897,0.2238140508532524,1.5923978313803673,0.05766015127301216,0.05380367860198021,True,True,1,2,220.71295166015625,6.9647216796875,6.9647216796875,0.0,True
50,12,900050,1,5.039133333333333,15000,0.95,current-to-pbest/1/bin,centroid,131,0.34133800864219666,0.8082029223442078,0.25219901055097577,0.5134049579501152,0.1466396003961563,0.09892663359642029,False,False,0,0,29.447021484375,241.23806762695312,29.447021484375,-1.4690413733514758,False
50,12,900050,2,3.5542666666666665,90587,0.6980433333333333,best/1/bin,centroid,46,0.5258036255836487,0.40840432047843933,0.17785741686820983,0.5275769382715225,0.05512940138578415,1.0871886502172856e-07,True,True,0,0,24.8741455078125,29.447021484375,24.8741455078125,0.07329320265824912,False
50,12,900050,3,8.4292,143901,0.52033,best/1/bin,incumbent,39,0.6861188411712646,0.38304364681243896,0.4215319216251373,0.824738871306181,0.04169999435544014,3.873427885991987e-06,True,True,0,0,24.87396240234375,24.8741455078125,24.87396240234375,3.1969736336012744e-06,False
50,12,900050,4,1.9744,270339,0.09887,best/1/bin,incumbent,48,0.6326372623443604,0.3849134147167206,0.4106850147247314,1.036871299147606,0.04169999435544014,3.080924443565891e-06,True,True,0,1,24.873992919921875,24.87396240234375,24.87396240234375,0.0,False
50,12,900050,5,0.003,299955,0.00015,current-to-best/1/bin,incumbent,45,0.6357482075691223,0.4717288911342621,0.42744187414646145,1.155810423195362,0.04169999435544014,0.0396062470972538,True,True,1,2,161.2405548095703,24.87396240234375,24.87396240234375,0.0,True
