episode_id,function_id,seed,step_idx,tau,budget_used_before,budget_remaining_frac_before,strategy,box_center,pop_size_action,F,CR,budget_frac_action,sampling_box_action,box_width_frac_initial,box_width_frac_final,box_at_floor,incumbent_in_box,n_stag_before,n_stag_after,segment_best_error,global_best_error_before,global_best_error_after,reward,done
0,16,900000,1,2.2796,15000,0.95,best/1/bin,incumbent,41,0.05572405830025673,0.808019757270813,0.11408423632383347,0.9829875156283379,0.4853490889072418,0.0,False,True,0,0,2.4542694091796875,3.65692138671875,2.4542694091796875,-0.38992223599511916,False
0,16,900000,2,4.2532,49194,0.83602,best/1/bin,incumbent,186,0.3712761104106903,0.6939781308174133,0.21278786510229108,0.3804668430238962,0.01432807371020317,0.0,True,True,0,0,0.1666717529296875,2.4542694091796875,0.1666717529296875,1.1680602069083392,False
0,16,900000,3,4.900533333333334,112992,0.62336,best/1/bin,incumbent,188,0.39726144075393677,0.7323430776596069,0.24565106779336926,0.39080079551786184,0.015103274956345558,0.0,True,True,0,0,0.139434814453125,0.1666717529296875,0.139434814453125,0.0774907748440189,False
0,16,900000,4,5.674666666666667,186500,0.37833333333333335,best/1/bin,incumbent,190,0.4019027650356293,0.7120705246925354,0.2840429067611694,0.3847177876159549,0.015033899806439877,0.0,True,True,0,1,0.2023773193359375,0.139434814453125,0.139434814453125,0.0,False
0,16,900000,5,1.8845333333333334,271620,0.0946,best/1/bin,incumbent,191,0.42525720596313477,0.7263646125793457,0.3486784309148788,0.3937209425494075,0.01537804864346981,4.428188276506262e-06,True,True,1,2,0.241363525390625,0.139434814453125,0.139434814453125,0.0,False
0,16,900000,6,0.007466666666666667,299888,0.0003733333333333333,best/1/bin,centroid,112,0.4509347677230835,0.731044590473175,0.4025389045476913,0.4415878877043724,0.017236435785889626,0.04193101450800896,True,False,2,3,6.888519287109375,0.139434814453125,0.139434814453125,0.0,True
1,16,900001,1,2.2823333333333333,15000,0.95,best/1/bin,incumbent,41,0.055585891008377075,0.8058821558952332,0.1141304038465023,0.977575033903122,0.5176123380661011,0.0,False,True,0,0,0.85357666015625,3.0353240966796875,0.85357666015625,0.06875746350025302,False
1,16,900001,2,4.330133333333333,49235,0.8358833333333333,best/1/bin,incumbent,184,0.37188851833343506,0.6869193315505981,0.21690407693386077,0.3791717477142811,0.013270391151309013,2.9789489417453296e-05,True,True,0,0,0.3914031982421875,0.85357666015625,0.3914031982421875,0.33861815535107,False
1,16,900001,3,4.0736,114187,0.6193766666666667,best/1/bin,centroid,152,0.33318769931793213,0.7345149517059326,0.20409281402826307,0.44419449009001255,0.016491178423166275,0.009892935864627361,True,True,0,1,1.3020782470703125,0.3914031982421875,0.3914031982421875,0.0,False
1,16,900001,4,5.76,175291,0.41569666666666666,best/1/bin,incumbent,180,0.4054683744907379,0.7273358106613159,0.28837244808673856,0.3965606288984418,0.01477954350411892,0.0,True,True,1,2,0.3919677734375,0.3914031982421875,0.3914031982421875,0.0,False
1,16,900001,5,2.5462666666666665,261691,0.12769666666666668,best/1/bin,centroid,169,0.43168285489082336,0.7392083406448364,0.3351210176944732,0.42264309525489807,0.015966268256306648,0.0,True,False,2,0,0.25390625,0.3914031982421875,0.25390625,0.18795097271315014,False
1,16,900001,6,0.007666666666666666,299885,0.00038333333333333334,best/1/bin,centroid,115,0.4082127809524536,0.7411268353462219,0.28766319155693054,0.41863262094557285,0.01624598354101181,0.040373045951128006,True,True,0,1,4.35833740234375,0.25390625,0.25390625,0.0,True
2,16,900002,1,2.285066666666667,15000,0.95,best/1/bin,incumbent,41,0.05592301860451698,0.8109959959983826,0.11426050439476966,0.9938230514526367,0.5196630954742432,0.0,False,True,0,0,3.3052215576171875,3.3527679443359375,3.3052215576171875,-0.5192005780026482,False
2,16,900002,2,4.2456,49276,0.8357466666666666,best/1/bin,incumbent,183,0.3682372272014618,0.6861006617546082,0.21284038275480271,0.37932837661355734,0.015554366633296013,0.0,True,True,0,0,0.1348876953125,3.3052215576171875,0.1348876953125,1.3892282114165297,False
2,16,900002,3,4.871666666666667,112960,0.6234666666666666,best/1/bin,incumbent,185,0.3997747600078583,0.7404777407646179,0.2440292030572891,0.3942907750606537,0.01589224673807621,0.0,True,True,0,1,0.300933837890625,0.1348876953125,0.1348876953125,0.0,False
2,16,900002,4,6.382933333333333,186035,0.37988333333333335,best/1/bin,incumbent,187,0.4116853177547455,0.7166827917098999,0.31937658488750453,0.3909040093421936,0.01575806923210621,0.0,True,True,1,2,0.3481292724609375,0.1348876953125,0.1348876953125,0.0,False
2,16,900002,5,1.2133333333333334,281779,0.06073666666666667,best/1/bin,centroid,182,0.4937383234500885,0.7047017216682434,0.5165875315666199,0.4596764612942934,0.019043663516640663,0.03205571696162224,True,False,2,3,2.695220947265625,0.1348876953125,0.1348876953125,0.0,False
2,16,900002,6,0.0014,299979,7e-05,current-to-pbest/1/bin,incumbent,21,0.6853773593902588,0.4450434744358063,0.5908042550086975,1.4953173771500587,0.060431625694036484,0.12316522747278214,True,True,3,4,7.280731201171875,0.1348876953125,0.1348876953125,0.0,True
3,16,900003,1,2.2792,15000,0.95,best/1/bin,incumbent,42,0.05590185523033142,0.8065248727798462,0.11401858255267143,0.9644949585199356,0.4119444787502289,0.0,False,True,0,0,0.8365631103515625,3.386322021484375,0.8365631103515625,0.07750128508272536,False
3,16,900003,2,4.3676,49188,0.83604,best/1/bin,incumbent,183,0.3715610206127167,0.6859676241874695,0.2186363950371742,0.37883687391877174,0.0155081357806921,0.012100831605494022,True,True,0,0,0.1378631591796875,0.8365631103515625,0.1378631591796875,0.7830504571421725,False
3,16,900003,3,5.500666666666667,114702,0.61766,best/1/bin,random,185,0.42198288440704346,0.7734048366546631,0.27538739144802094,0.40540148969739676,0.016703808680176735,2.9070452001178637e-05,True,False,0,1,0.2932281494140625,0.1378631591796875,0.1378631591796875,0.0,False
3,16,900003,4,6.8442,197212,0.3426266666666667,best/1/bin,centroid,153,0.40463873744010925,0.6838854551315308,0.40245108902454374,0.514700073748827,0.021256662905216217,0.0,True,False,1,2,0.25933837890625,0.1378631591796875,0.1378631591796875,0.0,False
3,16,900003,5,0.008333333333333333,299875,0.0004166666666666667,best/1/bin,incumbent,125,0.438564658164978,0.7345418930053711,0.37564764022827146,0.3989233188331127,0.015641147270798683,0.039442457258701324,True,True,2,3,7.25604248046875,0.1378631591796875,0.1378631591796875,0.0,True
4,16,900004,1,2.2823333333333333,15000,0.95,best/1/bin,incumbent,41,0.055898118764162064,0.8094059228897095,0.11421960070729255,0.9891698956489563,0.49268537759780884,0.0,False,True,0,0,1.4318389892578125,2.924468994140625,1.4318389892578125,-0.1558941872002702,False
4,16,900004,2,4.2904,49235,0.8358833333333333,best/1/bin,incumbent,186,0.37217459082603455,0.6903564929962158,0.2147297039628029,0.37973165325820446,0.013774423860013485,0.0,True,True,0,0,0.138916015625,1.4318389892578125,0.138916015625,1.013141837509878,False
4,16,900004,3,5.1408,113591,0.6213633333333334,best/1/bin,incumbent,189,0.4008287489414215,0.7300556898117065,0.25752674937248227,0.39003810938447714,0.01504566241055727,0.0,True,True,0,1,0.2133941650390625,0.138916015625,0.138916015625,0.0,False
4,16,900004,4,6.443066666666667,190703,0.36432333333333333,best/1/bin,incumbent,191,0.41810134053230286,0.7314000725746155,0.3224777817726135,0.39181380718946457,0.01511109434068203,0.0,True,True,1,2,0.196746826171875,0.138916015625,0.138916015625,0.0,False
4,16,900004,5,0.8341333333333333,287349,0.04217,best/1/bin,incumbent,184,0.4521688222885132,0.7455928921699524,0.39852057993412016,0.408001740463078,0.01570737548172474,0.0094276312738657,True,True,2,3,0.385009765625,0.138916015625,0.138916015625,0.0,False
4,16,900004,6,0.0092,299861,0.00046333333333333334,current-to-pbest/1/bin,incumbent,138,0.5035005211830139,0.6848886609077454,0.44237786233425136,0.5518248211592436,0.02102537825703621,0.05136330425739288,True,True,3,4,4.7799072265625,0.138916015625,0.138916015625,0.0,True
5,16,900005,1,2.2796,15000,0.95,best/1/bin,incumbent,41,0.055730175226926804,0.8086519837379456,0.1140846386551857,0.9828664660453796,0.552191972732544,0.0,False,True,0,0,1.7791900634765625,3.7811737060546875,1.7791900634765625,-0.25022234687679507,False
5,16,900005,2,4.2456,49194,0.83602,best/1/bin,incumbent,183,0.3684331774711609,0.6851641535758972,0.21259805858135222,0.3792942827567458,0.01476400624960661,0.01604910008609295,True,True,0,0,0.508544921875,1.7791900634765625,0.508544921875,0.5438930163568803,False
5,16,900005,3,3.4570666666666665,112878,0.62374,best/1/bin,random,112,0.2954859137535095,0.7393660545349121,0.1728910520672798,0.5000189188867807,0.02095702290534973,0.0,True,False,0,0,0.4250335693359375,0.508544921875,0.4250335693359375,0.07790608813026578,False
5,16,900005,4,4.8006,164734,0.45088666666666666,best/1/bin,incumbent,189,0.3843834400177002,0.69927978515625,0.24052858501672741,0.3807526044547558,0.01587737910449505,0.0,True,True,0,0,0.1393280029296875,0.4250335693359375,0.1393280029296875,0.48438479906198845,False
5,16,900005,5,4.207466666666667,236743,0.21085666666666666,best/1/bin,incumbent,184,0.43405798077583313,0.7684430480003357,0.3135520070791244,0.40715852193534374,0.016978509724140167,4.616698788595386e-05,True,True,0,1,0.34002685546875,0.1393280029296875,0.1393280029296875,0.0,False
5,16,900005,6,0.009666666666666667,299855,0.00048333333333333334,best/1/bin,centroid,145,0.49217990040779114,0.7039152979850769,0.4885650992393493,0.5086785741150379,0.021211892366409302,0.05563132092356682,True,False,1,2,5.698699951171875,0.1393280029296875,0.1393280029296875,0.0,True
6,16,900006,1,2.2796,15000,0.95,best/1/bin,incumbent,41,0.055985089391469955,0.8069243431091309,0.114084243029356,0.9697035327553749,0.4504724144935608,0.0,False,True,0,0,2.6642608642578125,3.0163421630859375,2.6642608642578125,-0.42557674703868736,False
6,16,900006,2,4.2284,49194,0.83602,best/1/bin,incumbent,186,0.36989715695381165,0.6930480003356934,0.21167941540479657,0.38045636285096407,0.01503837201744318,0.0,True,True,0,0,0.13482666015625,2.6642608642578125,0.13482666015625,1.2958009382516695,False
6,16,900006,3,5.016,112620,0.6246,best/1/bin,incumbent,190,0.3998589515686035,0.7324813008308411,0.25088199228048325,0.38972438033670187,0.01589818485081196,0.0,True,True,0,1,0.2897796630859375,0.13482666015625,0.13482666015625,0.0,False
6,16,900006,4,6.721866666666667,187860,0.3738,best/1/bin,incumbent,182,0.42955055832862854,0.7408812046051025,0.33660822212696073,0.39793949387967587,0.016229338943958282,0.0,True,True,1,0,0.1255035400390625,0.13482666015625,0.1255035400390625,0.031119798184544578,False
6,16,900006,5,0.754,288688,0.037706666666666666,best/1/bin,incumbent,195,0.417379766702652,0.727322518825531,0.3221001267433166,0.3897426361218095,0.015905655920505524,0.02847304381430149,True,True,0,1,1.665283203125,0.1255035400390625,0.1255035400390625,0.0,True
7,16,900007,1,2.2823333333333333,15000,0.95,best/1/bin,incumbent,41,0.05576586350798607,0.806839644908905,0.11412139162421227,0.9809959754347801,0.4695838987827301,0.0,False,True,0,0,2.4685211181640625,2.90557861328125,2.4685211181640625,-0.3924368487140659,False
7,16,900007,2,4.283066666666667,49235,0.8358833333333333,best/1/bin,incumbent,182,0.36826059222221375,0.6843231320381165,0.21468784809112545,0.3789325375109911,0.014496509917080402,0.0,True,True,0,0,0.22174072265625,2.4685211181640625,0.22174072265625,1.0465913705613996,False
7,16,900007,3,4.7492,113481,0.62173,best/1/bin,incumbent,186,0.39550259709358215,0.7381472587585449,0.23804951310157774,0.3926874212920666,0.01590566523373127,0.0,True,True,0,1,0.4694366455078125,0.22174072265625,0.22174072265625,0.0,False
7,16,900007,4,5.9658,184719,0.38427,best/1/bin,incumbent,183,0.40531206130981445,0.7159612774848938,0.2986049950122833,0.38934197183698416,0.015770822763442993,0.0,True,True,1,0,0.17059326171875,0.22174072265625,0.17059326171875,0.11388357976806984,False
7,16,900007,5,1.719,274206,0.08598,best/1/bin,incumbent,191,0.413075715303421,0.7330186367034912,0.30178158879280087,0.3935435274615884,0.01627982221543789,0.009818732738494873,True,True,0,0,0.1519927978515625,0.17059326171875,0.1519927978515625,0.05013886033639625,True
8,16,900008,1,2.2792,15000,0.95,best/1/bin,incumbent,42,0.05606382340192795,0.8066422343254089,0.11407384276390076,0.9629549160599709,0.4229908585548401,0.0,False,True,0,0,2.2376556396484375,3.6873779296875,2.2376556396484375,-0.349793254237043,False
8,16,900008,2,4.283066666666667,49188,0.83604,best/1/bin,incumbent,182,0.3681362569332123,0.6847029328346252,0.21421438455581665,0.3790229558944702,0.013017665594816208,0.0004087381239514798,True,True,0,0,0.4122772216796875,2.2376556396484375,0.4122772216796875,0.7346039030129567,False
8,16,900008,3,4.345,113434,0.6218866666666667,best/1/bin,centroid,165,0.3707923889160156,0.7467339038848877,0.21733968108892437,0.4196815500035882,0.015753496438264847,0.0,True,True,0,1,0.5493316650390625,0.4122772216796875,0.4122772216796875,0.0,False
8,16,900008,4,5.464533333333334,178609,0.40463666666666664,best/1/bin,incumbent,188,0.3955422341823578,0.7058078050613403,0.27366407215595245,0.38279042951762676,0.014445913024246693,1.1548400834726635e-05,True,True,1,0,0.248382568359375,0.4122772216796875,0.248382568359375,0.22006822021764422,False
8,16,900008,5,2.6224,260577,0.13141,best/1/bin,centroid,149,0.3491453528404236,0.7299609184265137,0.265644696354866,0.5021291729062796,0.019138282164931297,0.0,True,True,0,0,0.214569091796875,0.248382568359375,0.214569091796875,0.06355394779049683,False
8,16,900008,6,0.0058,299913,0.00029,best/1/bin,incumbent,87,0.4100135266780853,0.7315829396247864,0.2886379063129425,0.3907290222123265,0.0150118637830019,0.03464635834097862,True,True,0,1,6.5870361328125,0.214569091796875,0.214569091796875,0.0,True
9,16,900009,1,2.285066666666667,15000,0.95,best/1/bin,incumbent,41,0.05556636303663254,0.8109986186027527,0.11429929584264754,1.0071438327431679,0.5553821921348572,0.0,False,True,0,0,2.1882171630859375,3.23590087890625,2.1882171630859375,-0.3400904220454708,False
9,16,900009,2,4.283066666666667,49276,0.8357466666666666,best/1/bin,incumbent,182,0.3681802749633789,0.6839916706085205,0.21430999189615246,0.3789847642183304,0.014223800040781498,0.0,True,True,0,0,0.1815643310546875,2.1882171630859375,0.1815643310546875,1.0810598642251643,False
9,16,900009,3,4.908,113522,0.6215933333333333,best/1/bin,incumbent,180,0.39524561166763306,0.7366527915000916,0.24552491009235383,0.3956845663487911,0.015357722528278828,0.0,True,True,0,0,0.14306640625,0.1815643310546875,0.14306640625,0.10349285941384445,False
9,16,900009,4,5.628133333333333,187142,0.3761933333333333,best/1/bin,incumbent,191,0.4018756151199341,0.7128740549087524,0.28154008388519286,0.38468863163143396,0.01499022264033556,0.0,True,True,0,0,0.1128692626953125,0.14306640625,0.1128692626953125,0.10296197185059752,False
9,16,900009,5,1.8854666666666666,271564,0.09478666666666667,best/1/bin,centroid,179,0.46690842509269714,0.7783047556877136,0.3743957996368408,0.4433578997850418,0.017322683706879616,0.030138028785586357,True,True,0,1,0.41656494140625,0.1128692626953125,0.1128692626953125,0.0,False
9,16,900009,6,0.0064,299846,0.0005133333333333333,current-to-pbest/1/bin,incumbent,96,0.6267033815383911,0.6216458678245544,0.5243938863277435,0.9379457607865334,0.03655438497662544,0.08889710158109665,True,True,1,2,4.97467041015625,0.1128692626953125,0.1128692626953125,0.0,False
9,16,900009,7,0.0038666666666666667,299942,0.00019333333333333333,rand/2/bin,random,58,0.5602813959121704,0.4489157497882843,0.5808547616004944,2.2108512967824936,0.11918511241674423,0.2683285176753998,True,False,2,3,6.4748382568359375,0.1128692626953125,0.1128692626953125,0.0,True
10,16,900010,1,2.2796,15000,0.95,best/1/bin,incumbent,41,0.055771198123693466,0.8078646659851074,0.11405172795057296,0.9777631238102913,0.5272256731987,0.0,False,True,0,0,1.754364013671875,3.9775238037109375,1.754364013671875,-0.2441197127865521,False
10,16,900010,2,4.2656,49194,0.83602,best/1/bin,incumbent,186,0.371031254529953,0.689440131187439,0.21357380598783493,0.3798061106353998,0.01466977596282959,2.0909310478600673e-06,True,True,0,0,0.3603057861328125,1.754364013671875,0.3603057861328125,0.6874484642408646,False
10,16,900010,3,4.097466666666667,113178,0.62274,best/1/bin,centroid,158,0.3440878987312317,0.739940881729126,0.20527755916118623,0.4383644815534353,0.017241161316633224,0.01034783199429512,True,True,0,1,0.5839691162109375,0.3603057861328125,0.3603057861328125,0.0,False
10,16,900010,4,5.674666666666667,174640,0.41786666666666666,best/1/bin,incumbent,190,0.40006619691848755,0.7133722901344299,0.2840073943138122,0.3853685827925801,0.015239310450851917,0.0,True,True,1,0,0.12811279296875,0.3603057861328125,0.12811279296875,0.4490787153596407,False
10,16,900010,5,2.676266666666667,259760,0.13413333333333333,best/1/bin,incumbent,193,0.409653902053833,0.7225881814956665,0.29699813723564145,0.38724913354963064,0.015156855806708336,0.0034030319657176733,True,True,0,1,0.279754638671875,0.12811279296875,0.12811279296875,0.0,False
10,16,900010,6,0.0064,299904,0.00032,best/1/bin,centroid,96,0.47542306780815125,0.7039546370506287,0.4481980144977569,0.5230309404432774,0.019841665402054787,0.04767117276787758,True,False,1,2,6.2815704345703125,0.12811279296875,0.12811279296875,0.0,True
11,16,900011,1,2.282,15000,0.95,best/1/bin,incumbent,42,0.05593997240066528,0.8061661720275879,0.11414256766438484,0.9670630618929863,0.3978540301322937,0.0,False,True,0,0,2.4012451171875,3.3717803955078125,2.4012451171875,-0.38043649656304424,False
11,16,900011,2,4.2456,49230,0.8359,best/1/bin,incumbent,183,0.36829012632369995,0.6855086088180542,0.21265952140092848,0.379206046462059,0.011140999384224415,0.0,True,True,0,0,0.1814727783203125,2.4012451171875,0.1814727783203125,1.1216249843717816,False
11,16,900011,3,4.888,112914,0.62362,best/1/bin,incumbent,188,0.3897731900215149,0.7132272124290466,0.24471972435712813,0.3848423510789871,0.012918050400912762,0.0,True,True,0,0,0.1387939453125,0.1814727783203125,0.1387939453125,0.11644095984469183,False
11,16,900011,4,5.624,186234,0.37922,best/1/bin,incumbent,190,0.4073958098888397,0.7313851714134216,0.28151146471500393,0.3917527087032795,0.014570782892405987,0.0,True,True,0,1,0.2263336181640625,0.1387939453125,0.1387939453125,0.0,False
11,16,900011,5,1.952,270594,0.09802,best/1/bin,incumbent,183,0.4323967397212982,0.7343552112579346,0.3609535068273544,0.3992172861471772,0.014830182306468487,1.640876121200563e-06,True,True,1,2,0.26751708984375,0.1387939453125,0.1387939453125,0.0,False
11,16,900011,6,0.0084,299874,0.00042,best/1/bin,incumbent,126,0.4458492398262024,0.7236649990081787,0.3786110252141952,0.4419951904565096,0.01631670817732811,0.03631604462862015,True,True,2,3,7.07489013671875,0.1387939453125,0.1387939453125,0.0,True
12,16,900012,1,2.2796,15000,0.95,best/1/bin,incumbent,41,0.0559941828250885,0.8073198199272156,0.11407606229186058,0.9671449363231659,0.5458601713180542,0.0,False,True,0,0,1.5978240966796875,3.5823822021484375,1.5978240966796875,-0.2035289691564114,False
12,16,900012,2,4.292,49194,0.83602,best/1/bin,incumbent,185,0.3705763816833496,0.6878770589828491,0.21476482748985287,0.37946989480406046,0.015047246590256691,2.790391420148808e-07,True,True,0,0,0.2240753173828125,1.5978240966796875,0.2240753173828125,0.8531349295396622,False
12,16,900012,3,4.544666666666667,113574,0.62142,best/1/bin,centroid,170,0.3677595853805542,0.7482422590255737,0.2274599105119705,0.43266041949391365,0.017316099256277084,0.0,True,True,0,1,0.230743408203125,0.2240753173828125,0.2240753173828125,0.0,False
12,16,900012,4,5.857333333333333,181744,0.3941866666666667,best/1/bin,incumbent,191,0.4029251039028168,0.7136234045028687,0.29293746054172515,0.3859748039394617,0.01549908984452486,0.0,True,True,1,2,0.240936279296875,0.2240753173828125,0.2240753173828125,0.0,False
12,16,900012,5,2.0178,269604,0.10132,best/1/bin,centroid,177,0.4483744502067566,0.7570346593856812,0.3705960482358932,0.41682059597223997,0.016991041600704193,0.0006808862090110779,True,False,2,3,0.250885009765625,0.2240753173828125,0.2240753173828125,0.0,False
12,16,900012,6,0.0086,299871,0.00043,best/1/bin,centroid,129,0.3908163905143738,0.681603193283081,0.3454450279474258,0.5303283371031284,0.0209819208830595,0.05171751603484154,True,False,3,4,5.682586669921875,0.2240753173828125,0.2240753173828125,0.0,True
13,16,900013,1,2.2823333333333333,15000,0.95,best/1/bin,incumbent,41,0.05567622557282448,0.8090447783470154,0.11423292458057403,0.9967677444219589,0.5061725974082947,0.0,False,True,0,0,1.9396514892578125,2.89044189453125,1.9396514892578125,-0.2877237064532682,False
13,16,900013,2,4.278,49235,0.8358833333333333,best/1/bin,incumbent,186,0.3714066445827484,0.6897338032722473,0.21433122158050538,0.37969357427209616,0.015425418503582478,0.01210839208215475,True,True,0,0,0.218353271484375,1.9396514892578125,0.218353271484375,0.9485639834276574,False
13,16,900013,3,5.123866666666666,113405,0.6219833333333333,best/1/bin,random,166,0.40312522649765015,0.7696532607078552,0.25649699568748474,0.42260855063796043,0.017490055412054062,0.0,True,False,0,1,0.2660369873046875,0.218353271484375,0.218353271484375,0.0,False
13,16,900013,4,5.940666666666667,190263,0.36579,best/1/bin,incumbent,190,0.40636005997657776,0.7212788462638855,0.29719707667827605,0.38960613775998354,0.016060302034020424,0.0,True,True,1,0,0.1326141357421875,0.218353271484375,0.1326141357421875,0.21656987097715474,False
13,16,900013,5,1.3635333333333333,279373,0.06875666666666666,best/1/bin,centroid,181,0.4485606849193573,0.7742189168930054,0.3555887937545776,0.41560743656009436,0.017296433448791504,0.028558950871229172,True,True,0,1,0.78521728515625,0.1326141357421875,0.1326141357421875,0.0,False
13,16,900013,6,0.005933333333333333,299826,0.00058,current-to-pbest/1/bin,incumbent,89,0.5680232644081116,0.5757717490196228,0.5069411277770995,0.893034316599369,0.036919668316841125,0.0871056541800499,True,True,1,2,6.2061004638671875,0.1326141357421875,0.1326141357421875,0.0,False
13,16,900013,7,0.0041333333333333335,299915,0.00028333333333333335,rand/2/bin,random,62,0.5619632601737976,0.4459902048110962,0.578386914730072,2.2008154094219208,0.11723848432302475,0.2704629898071289,True,False,2,3,8.254364013671875,0.1326141357421875,0.1326141357421875,0.0,False
13,16,900013,8,0.0015333333333333334,299977,7.666666666666667e-05,rand/1/bin,random,23,0.5278449058532715,0.38602498173713684,0.47319148182868953,2.093756929039955,0.25267183780670166,0.4490007162094116,False,False,3,4,8.219863891601562,0.1326141357421875,0.1326141357421875,0.0,True
14,16,900014,1,2.2848,15000,0.95,best/1/bin,incumbent,42,0.05599415674805641,0.8092532753944397,0.1142655536532402,0.9861308708786964,0.45200464129447937,0.0,False,True,0,1,2.5689239501953125,2.4523162841796875,2.4523162841796875,-0.3895764837737896,False
14,16,900014,2,4.380133333333333,49272,0.83576,best/1/bin,incumbent,182,0.3698415458202362,0.6842507123947144,0.21900742501020432,0.3785624634474516,0.012102642096579075,0.0,True,True,1,0,0.33099365234375,2.4523162841796875,0.33099365234375,0.8697568055131406,False
14,16,900014,3,4.628,114974,0.6167533333333334,best/1/bin,incumbent,178,0.3859904110431671,0.7302340269088745,0.2319585382938385,0.3932311711832881,0.013688747771084309,0.0,True,True,0,0,0.201171875,0.33099365234375,0.201171875,0.21625239294307746,False
14,16,900014,4,5.2668,184394,0.3853533333333333,best/1/bin,incumbent,189,0.39254137873649597,0.7070795297622681,0.2639436393976211,0.3841644385829568,0.013595448806881905,0.0,True,True,0,1,0.22064208984375,0.201171875,0.201171875,0.0,False
14,16,900014,5,2.4318,263396,0.12201333333333333,best/1/bin,incumbent,189,0.4130649268627167,0.7247666716575623,0.31740398108959195,0.39246644638478756,0.01387238223105669,0.013283091597259045,True,True,1,2,0.2986297607421875,0.201171875,0.201171875,0.0,False
14,16,900014,6,0.0074,299873,0.00042333333333333334,best/1/bin,random,111,0.4712856411933899,0.6845279932022095,0.4100062549114227,0.614117719233036,0.025674588978290558,0.06426452845335007,True,False,2,3,5.7241058349609375,0.201171875,0.201171875,0.0,False
14,16,900014,7,0.0010666666666666667,299984,5.333333333333333e-05,rand/1/bin,random,16,0.5983752012252808,0.4061639904975891,0.512547481060028,1.9500001817941666,0.09247643500566483,0.16357366740703583,True,False,3,4,6.02825927734375,0.201171875,0.201171875,0.0,True
15,16,900015,1,2.2764,15000,0.95,best/1/bin,incumbent,42,0.05609147250652313,0.8050388097763062,0.11395766958594322,0.9582265242934227,0.4850456416606903,0.0,False,True,0,0,2.2193450927734375,3.7644805908203125,2.2193450927734375,-0.3462248392202438,False
15,16,900015,2,4.2565333333333335,49146,0.83618,best/1/bin,incumbent,184,0.369559109210968,0.6885875463485718,0.2131408169865608,0.37962935119867325,0.013940900564193726,0.0,True,True,0,0,0.2492218017578125,2.2193450927734375,0.2492218017578125,0.9496387903522026,False
15,16,900015,3,4.7498,112994,0.6233533333333333,best/1/bin,incumbent,187,0.3871399760246277,0.7156999111175537,0.23771395534276962,0.386080558411777,0.015187005512416363,0.0,True,True,0,0,0.1586456298828125,0.2492218017578125,0.1586456298828125,0.19615790814453582,False
15,16,900015,4,5.4604,184241,0.38586333333333334,best/1/bin,incumbent,187,0.40004482865333557,0.7189526557922363,0.2730412095785141,0.3887512506917119,0.015108393505215645,0.0,True,True,0,1,0.2506866455078125,0.1586456298828125,0.1586456298828125,0.0,False
15,16,900015,5,2.2448,266147,0.11284333333333334,best/1/bin,incumbent,184,0.44683507084846497,0.7511942982673645,0.3846467733383178,0.4130424475297332,0.015988556668162346,0.0001660963607719168,True,True,1,2,0.284515380859375,0.1586456298828125,0.1586456298828125,0.0,False
15,16,900015,6,0.0108,299819,0.0006033333333333333,best/1/bin,centroid,162,0.46257153153419495,0.7237098813056946,0.4329758077859878,0.4820522964000702,0.018029212951660156,0.04568818584084511,True,False,2,3,5.1889801025390625,0.1586456298828125,0.1586456298828125,0.0,False
15,16,900015,7,0.0012666666666666666,299981,6.333333333333333e-05,rand/1/bin,random,19,0.6068747639656067,0.4017033874988556,0.5446204245090485,1.9836513102054596,0.08807505667209625,0.1650269329547882,True,False,3,4,8.106201171875,0.1586456298828125,0.1586456298828125,0.0,True
16,16,900016,1,2.2792,15000,0.95,best/1/bin,incumbent,42,0.056123167276382446,0.8068504929542542,0.11406786143779754,0.9645386412739754,0.44347888231277466,0.0,False,True,0,0,2.7682952880859375,3.1166839599609375,2.7682952880859375,-0.44221241507983755,False
16,16,900016,2,4.281066666666667,49188,0.83604,best/1/bin,incumbent,184,0.36953333020210266,0.6875626444816589,0.2142878770828247,0.37946076691150665,0.014776170253753662,0.0,True,True,0,0,0.235595703125,2.7682952880859375,0.235595703125,1.0700450312699317,False
16,16,900016,3,4.8412,113404,0.6219866666666667,best/1/bin,random,182,0.40001559257507324,0.7507267594337463,0.24251285642385484,0.39820208214223385,0.01660502701997757,0.0,True,False,0,1,0.4153900146484375,0.235595703125,0.235595703125,0.0,False
16,16,900016,4,5.840533333333333,186022,0.3799266666666667,best/1/bin,incumbent,188,0.4018900692462921,0.7122253179550171,0.29203586280345917,0.3877633586525917,0.015357824973762035,0.0,True,True,1,0,0.180999755859375,0.235595703125,0.180999755859375,0.1144893707420871,False
16,16,900016,5,1.7568,273630,0.0879,best/1/bin,incumbent,183,0.4224715530872345,0.7509875297546387,0.31111766099929805,0.4015096575021744,0.01614310033619404,0.0056346929632127285,True,True,0,0,0.139801025390625,0.180999755859375,0.139801025390625,0.11216762518626855,False
16,16,900016,6,0.0012,299982,6e-05,best/1/bin,centroid,18,0.42516645789146423,0.7521000504493713,0.31942153871059414,0.42464170418679714,0.017004292458295822,0.03331005200743675,True,True,0,1,10.008407592773438,0.139801025390625,0.139801025390625,0.0,True
17,16,900017,1,2.2823333333333333,15000,0.95,best/1/bin,incumbent,41,0.055785126984119415,0.8067761659622192,0.11417086496949196,0.9738194644451141,0.5177371501922607,0.0,False,True,0,0,2.71588134765625,3.377899169921875,2.71588134765625,-0.43391079401765553,False
17,16,900017,2,4.2532,49235,0.8358833333333333,best/1/bin,incumbent,186,0.37079140543937683,0.6913609504699707,0.21305722594261167,0.37997579108923674,0.015056394971907139,0.0,True,True,0,0,0.28582763671875,2.71588134765625,0.28582763671875,0.9778065603370337,False
17,16,900017,3,4.851,113033,0.6232233333333334,best/1/bin,incumbent,189,0.3886399567127228,0.7121705412864685,0.24290423095226288,0.38406815007328987,0.014749747700989246,0.0,True,True,0,1,0.29156494140625,0.28582763671875,0.28582763671875,0.0,False
17,16,900017,4,5.959,185798,0.3806733333333333,best/1/bin,incumbent,177,0.40795964002609253,0.7366823554039001,0.29832921028137205,0.40531355049461126,0.015561859123408794,0.0,True,True,1,0,0.27691650390625,0.28582763671875,0.27691650390625,0.013755378027113574,False
17,16,900017,5,1.6506,275183,0.08272333333333333,best/1/bin,incumbent,189,0.3980635106563568,0.7067204117774963,0.2779876321554184,0.3833375396206975,0.015066496096551418,0.0222345981746912,True,True,0,0,0.264190673828125,0.27691650390625,0.264190673828125,0.020431356657261146,False
17,16,900017,6,0.0038666666666666667,299942,0.00019333333333333333,best/1/bin,random,58,0.3922809362411499,0.7549793124198914,0.2620210319757461,0.5594814121723175,0.023485518991947174,0.0541590079665184,True,False,0,1,5.97265625,0.264190673828125,0.264190673828125,0.0,True
18,16,900018,1,2.2823333333333333,15000,0.95,best/1/bin,incumbent,41,0.05575268715620041,0.8083412051200867,0.1141510970890522,0.9822970330715179,0.48175129294395447,0.0,False,True,0,0,2.1270294189453125,3.9344024658203125,2.1270294189453125,-0.3277734987133266,False
18,16,900018,2,4.283066666666667,49235,0.8358833333333333,best/1/bin,incumbent,182,0.36820802092552185,0.6844481229782104,0.2141738027334213,0.3789708008989692,0.014247413724660873,0.0,True,True,0,0,0.1765289306640625,2.1270294189453125,0.1765289306640625,1.0809575836616192,False
18,16,900018,3,4.9014,113481,0.62173,best/1/bin,incumbent,189,0.3922683894634247,0.7211366295814514,0.2452055662870407,0.38710921350866556,0.014984162524342537,0.0103889349848032,True,True,0,1,0.4267425537109375,0.1765289306640625,0.1765289306640625,0.0,False
18,16,900018,4,7.529866666666667,187002,0.37666,best/1/bin,centroid,151,0.45496171712875366,0.7258043885231018,0.40721235871315,0.48405479826033115,0.018932651728391647,0.01832108572125435,True,False,1,2,0.31512451171875,0.1765289306640625,0.1765289306640625,0.0,False
18,16,900018,5,0.0033333333333333335,299950,0.00016666666666666666,best/1/bin,centroid,50,0.44659608602523804,0.6460077166557312,0.43025698661804196,0.6962416656315327,0.026998966932296753,0.057218290865421295,True,False,2,3,7.5998687744140625,0.1765289306640625,0.1765289306640625,0.0,True
19,16,900019,1,2.282,15000,0.95,best/1/bin,incumbent,42,0.05591264367103577,0.8067893981933594,0.11418181508779525,0.9755873456597328,0.4742409586906433,0.0,False,True,0,0,1.67584228515625,3.06939697265625,1.67584228515625,-0.2242331470114744,False
19,16,900019,2,4.293333333333333,49230,0.8359,best/1/bin,incumbent,184,0.37090373039245605,0.687700092792511,0.21505886465311047,0.3793341647833586,0.014029618352651596,0.0,True,True,0,0,0.1462554931640625,1.67584228515625,0.1462554931640625,1.0591209307268592,False
19,16,900019,3,5.1194,113630,0.6212333333333333,best/1/bin,centroid,179,0.4049724340438843,0.7527909874916077,0.2562447339296341,0.40380174200981855,0.015667768195271492,0.0,True,True,0,1,0.185028076171875,0.1462554931640625,0.1462554931640625,0.0,False
19,16,900019,4,6.194,190421,0.36526333333333333,best/1/bin,incumbent,190,0.407497763633728,0.7122287750244141,0.3100272089242935,0.3873082548379898,0.015048762783408165,0.0,True,True,1,2,0.2383270263671875,0.1462554931640625,0.1462554931640625,0.0,False
19,16,900019,5,1.1008,283331,0.05556333333333333,best/1/bin,incumbent,192,0.4233824610710144,0.7228397727012634,0.3498414099216461,0.3929176367819309,0.01525928545743227,0.010488328523933887,True,True,2,3,0.461151123046875,0.1462554931640625,0.1462554931640625,0.0,False
19,16,900019,6,0.008333333333333333,299843,0.0005233333333333333,best/1/bin,incumbent,125,0.4260517358779907,0.6740619540214539,0.3706600993871688,0.5210916679352522,0.020052235573530197,0.051343224942684174,True,True,3,4,6.27130126953125,0.1462554931640625,0.1462554931640625,0.0,False
19,16,900019,7,0.0021333333333333334,299968,0.00010666666666666667,rand/1/bin,random,32,0.6275594234466553,0.396441251039505,0.5914430499076844,1.941068410873413,0.08703764528036118,0.176543191075325,True,False,4,5,6.927490234375,0.1462554931640625,0.1462554931640625,0.0,True
20,16,900020,1,2.285066666666667,15000,0.95,best/1/bin,incumbent,41,0.05589674413204193,0.8108946681022644,0.1142613023519516,0.9999197870492935,0.5024349689483643,0.0,False,True,0,0,1.4569091796875,3.321807861328125,1.4569091796875,-0.16343248269194816,False
20,16,900020,2,4.255,49276,0.8357466666666666,best/1/bin,incumbent,185,0.3708246946334839,0.68845134973526,0.21336015462875363,0.3796732183545828,0.012653929181396961,0.010034460574388504,True,True,0,0,0.7302703857421875,1.4569091796875,0.7302703857421875,0.2999487874543157,False
20,16,900020,3,3.275,113101,0.6229966666666666,best/1/bin,random,131,0.2819681465625763,0.7250226140022278,0.16384000480175018,0.46681838668882847,0.01930992864072323,0.0,True,False,0,0,0.3737030029296875,0.7302703857421875,0.3737030029296875,0.2909570959337192,False
20,16,900020,4,4.8384,162226,0.4592466666666667,best/1/bin,incumbent,189,0.38684144616127014,0.7055332064628601,0.24198938310146328,0.3821407612413168,0.015935279428958893,0.008653715252876282,True,True,0,1,0.3794097900390625,0.3737030029296875,0.3737030029296875,0.0,False
20,16,900020,5,4.345866666666667,234802,0.21732666666666667,best/1/bin,centroid,172,0.43449631333351135,0.7470722794532776,0.3321776151657104,0.43198858201503754,0.01797148771584034,0.0,True,False,1,0,0.102691650390625,0.3737030029296875,0.102691650390625,0.5609914234125185,True
21,16,900021,1,2.2792,15000,0.95,best/1/bin,incumbent,42,0.056145042181015015,0.8061338663101196,0.11398311704397202,0.9578853398561478,0.4509325921535492,0.0,False,True,0,0,2.0593719482421875,3.6995849609375,2.0593719482421875,-0.31373479480782945,False
21,16,900021,2,4.2822,49188,0.83604,best/1/bin,incumbent,183,0.369256854057312,0.6858525276184082,0.21461722552776336,0.37907347176223993,0.01408594474196434,9.592373828581913e-08,True,True,0,0,0.3860015869140625,2.0593719482421875,0.3860015869140625,0.7271456934274454,False
21,16,900021,3,4.4930666666666665,113421,0.62193,best/1/bin,centroid,166,0.3798491656780243,0.750885546207428,0.22471289932727812,0.4126646388322115,0.01592768356204033,0.0,True,True,0,0,0.2454833984375,0.3860015869140625,0.2454833984375,0.1965669567239987,False
21,16,900021,4,5.269333333333333,180817,0.39727666666666667,best/1/bin,incumbent,190,0.3948128819465637,0.7097994685173035,0.26403648406267166,0.3835354233160615,0.014495584182441235,0.013236663304269314,True,True,0,0,0.23321533203125,0.2454833984375,0.23321533203125,0.022265027641675372,False
21,16,900021,5,2.669,259857,0.13381,best/1/bin,centroid,157,0.4210914075374603,0.7647534012794495,0.30291551947593687,0.4511386342346668,0.017860565334558487,7.28766096358413e-08,True,True,0,1,0.2467193603515625,0.23321533203125,0.23321533203125,0.0,False
21,16,900021,6,0.0072,299892,0.00036,best/1/bin,incumbent,108,0.43952107429504395,0.7460774779319763,0.34993155896663664,0.4127753619104624,0.01638832315802574,0.039479516446590424,True,True,1,2,5.857818603515625,0.23321533203125,0.23321533203125,0.0,True
22,16,900022,1,2.2823333333333333,15000,0.95,best/1/bin,incumbent,41,0.055802371352910995,0.8068779110908508,0.11413088664412498,0.9734725430607796,0.5476752519607544,0.0,False,True,0,0,2.291595458984375,3.2498779296875,2.291595458984375,-0.3601379548775275,False
22,16,900022,2,4.2284,49235,0.8358833333333333,best/1/bin,incumbent,186,0.369865357875824,0.6901119947433472,0.21169202178716656,0.38002175837755203,0.0144960293546319,0.005050593055784702,True,True,0,0,1.533660888671875,2.291595458984375,1.533660888671875,0.17440860968146152,False
22,16,900022,3,3.0012,112661,0.6244633333333334,best/1/bin,random,123,0.2538508176803589,0.7132921814918518,0.15044296085834502,0.45852661319077015,0.019124994054436684,0.0,True,False,0,0,0.6194915771484375,1.533660888671875,0.6194915771484375,0.39369393227223115,False
22,16,900022,4,4.675,157679,0.47440333333333334,best/1/bin,incumbent,187,0.38404321670532227,0.7051610350608826,0.2341839402914047,0.381850553676486,0.015923162922263145,0.0,True,True,0,0,0.2197113037109375,0.6194915771484375,0.2197113037109375,0.4501829920719564,False
22,16,900022,5,4.800666666666666,227804,0.24065333333333333,best/1/bin,incumbent,190,0.4019736349582672,0.7281849384307861,0.26872022449970245,0.39030890353024006,0.01627586968243122,0.0,True,True,0,1,0.2780609130859375,0.2197113037109375,0.2197113037109375,0.0,False
22,16,900022,6,0.012133333333333333,299814,0.00062,best/1/bin,incumbent,182,0.44111114740371704,0.7441134452819824,0.36772884726524346,0.41060577146708965,0.017122268676757812,0.04622022435069084,True,True,1,2,5.32000732421875,0.2197113037109375,0.2197113037109375,0.0,True
23,16,900023,1,2.2848,15000,0.95,best/1/bin,incumbent,42,0.05580127239227295,0.8080683946609497,0.11425515338778496,0.9733612462878227,0.5757880806922913,0.0,False,True,0,0,1.98809814453125,3.507659912109375,1.98809814453125,-0.2984378221734595,False
23,16,900023,2,4.2656,49272,0.83576,best/1/bin,incumbent,186,0.37136298418045044,0.6906835436820984,0.21339529156684872,0.37987926695495844,0.014814639464020729,0.0,True,True,0,0,0.2228240966796875,1.98809814453125,0.2228240966796875,0.9504756480971798,False
23,16,900023,3,4.862933333333333,113256,0.62248,best/1/bin,incumbent,188,0.3915860652923584,0.7218801975250244,0.24372715950012208,0.3877211920917034,0.015099341049790382,0.0,True,True,0,0,0.1816253662109375,0.2228240966796875,0.1816253662109375,0.08878564719049098,False
23,16,900023,4,5.434,186200,0.37933333333333336,best/1/bin,incumbent,190,0.39874836802482605,0.7189267873764038,0.2717798069119453,0.38781694788485765,0.015238916501402855,0.0,True,True,0,1,0.282684326171875,0.1816253662109375,0.1816253662109375,0.0,False
23,16,900023,5,2.1406666666666667,267710,0.10763333333333333,best/1/bin,incumbent,190,0.41596946120262146,0.7240704298019409,0.31851763427257535,0.3910771422088146,0.015365809202194214,8.877118062855516e-08,True,True,1,0,0.114715576171875,0.1816253662109375,0.114715576171875,0.19955409827332515,False
23,16,900023,6,0.012,299820,0.0006,best/1/bin,centroid,180,0.41905584931373596,0.7527371644973755,0.3156281441450119,0.4250736553221941,0.01689841039478779,0.04346461966633797,True,True,0,1,6.490509033203125,0.114715576171875,0.114715576171875,0.0,True
24,16,900024,1,2.2796,15000,0.95,best/1/bin,incumbent,41,0.05595650523900986,0.805293619632721,0.11397869139909744,0.9567120522260666,0.4643780291080475,0.0,False,True,0,0,2.612548828125,3.152252197265625,2.612548828125,-0.4170644177525823,False
24,16,900024,2,4.267333333333333,49194,0.83602,best/1/bin,incumbent,185,0.37042710185050964,0.6893584132194519,0.2136572629213333,0.3796079298481345,0.01500010397285223,0.009176567196846008,True,True,0,0,0.2952728271484375,2.612548828125,0.2952728271484375,0.9468409207337684,False
24,16,900024,3,4.5466,113204,0.6226533333333333,best/1/bin,random,179,0.3916299045085907,0.7456620931625366,0.2274946987628937,0.39737897366285324,0.016584686934947968,0.0,True,False,0,0,0.2324371337890625,0.2952728271484375,0.2324371337890625,0.10391796687344546,False
24,16,900024,4,5.506666666666667,181403,0.39532333333333336,best/1/bin,centroid,175,0.4015267491340637,0.7446203827857971,0.275753915309906,0.41129219718277454,0.01715088076889515,0.0126005494967103,True,True,0,0,0.189422607421875,0.2324371337890625,0.189422607421875,0.08887369679241186,False
24,16,900024,5,2.3994,264003,0.11999,best/1/bin,random,129,0.41324374079704285,0.7395639419555664,0.3174687027931213,0.5195056684315205,0.02138729766011238,0.014792880043387413,True,False,0,1,0.2074432373046875,0.189422607421875,0.189422607421875,0.0,True
25,16,900025,1,2.2823333333333333,15000,0.95,best/1/bin,incumbent,41,0.05569694936275482,0.8097627758979797,0.11422193422913551,0.9948016926646233,0.4697957932949066,0.0,False,True,0,0,2.8821258544921875,3.3774261474609375,2.8821258544921875,-0.45971294284189745,False
25,16,900025,2,4.2578,49235,0.8358833333333333,best/1/bin,incumbent,183,0.36826345324516296,0.6854016184806824,0.2134808272123337,0.37917084619402885,0.014295215718448162,0.0,True,True,0,0,0.47967529296875,2.8821258544921875,0.47967529296875,0.778765584310346,False
25,16,900025,3,4.316666666666666,113102,0.6229933333333333,best/1/bin,random,175,0.37157565355300903,0.730535626411438,0.2162397339940071,0.4001808473840356,0.016453441232442856,0.0,True,False,0,0,0.224273681640625,0.47967529296875,0.224273681640625,0.33016902674713544,False
25,16,900025,4,5.297066666666667,177852,0.40716,best/1/bin,incumbent,191,0.39519646763801575,0.7133315801620483,0.2653508603572845,0.38462954107671976,0.015894096344709396,0.0,True,True,0,0,0.1574249267578125,0.224273681640625,0.1574249267578125,0.15370480427903754,False
25,16,900025,5,2.845066666666667,257308,0.14230666666666666,best/1/bin,incumbent,188,0.4116654098033905,0.7356549501419067,0.2873596727848053,0.3933753836899996,0.01640227623283863,4.172325134277344e-07,True,True,0,1,0.376556396484375,0.1574249267578125,0.1574249267578125,0.0,False
25,16,900025,6,0.0010666666666666667,299984,5.333333333333333e-05,best/1/bin,centroid,16,0.43720725178718567,0.7100031971931458,0.4026728808879852,0.4580006990581751,0.019098635762929916,0.03290356695652008,True,False,1,2,9.964385986328125,0.1574249267578125,0.1574249267578125,0.0,True
26,16,900026,1,2.2792,15000,0.95,best/1/bin,incumbent,42,0.05617108568549156,0.8067641258239746,0.11409275233745575,0.9564727395772934,0.5432180166244507,0.0,False,True,0,0,1.4400634765625,4.04638671875,1.4400634765625,-0.15838163880080103,False
26,16,900026,2,4.2904,49188,0.83604,best/1/bin,incumbent,186,0.3722723722457886,0.6904951333999634,0.21457775682210922,0.37980212550610304,0.015228311531245708,0.0,True,True,0,0,0.289886474609375,1.4400634765625,0.289886474609375,0.6961536711049887,False
26,16,900026,3,4.692,113544,0.62152,best/1/bin,incumbent,180,0.38570302724838257,0.7219988107681274,0.23478510379791256,0.3900869758799672,0.01599552296102047,2.5371710421495663e-07,True,True,0,0,0.2534637451171875,0.289886474609375,0.2534637451171875,0.058312102953533174,False
26,16,900026,4,5.0232,183924,0.38692,best/1/bin,centroid,156,0.3434557616710663,0.7073751091957092,0.25140340030193326,0.4488127324730158,0.01847652532160282,1.0923543669605351e-07,True,True,0,1,0.478729248046875,0.2534637451171875,0.2534637451171875,0.0,False
26,16,900026,5,2.7072,259272,0.13576,best/1/bin,incumbent,188,0.4098024070262909,0.7158276438713074,0.3201231241226196,0.39094407577067614,0.016103608533740044,5.506674369826214e-07,True,True,1,0,0.2515869140625,0.2534637451171875,0.2515869140625,0.0032277993326174093,False
26,16,900026,6,0.008,299880,0.0004,best/1/bin,centroid,120,0.386810302734375,0.7229045629501343,0.27182941436767577,0.43235121853649616,0.017715107649564743,0.046263422816991806,True,True,0,1,6.797332763671875,0.2515869140625,0.2515869140625,0.0,True
27,16,900027,1,2.2792,15000,0.95,best/1/bin,incumbent,42,0.05585746094584465,0.8067113161087036,0.11409023106098175,0.9763595387339592,0.48117226362228394,0.0,False,True,0,0,2.958709716796875,2.9709320068359375,2.958709716796875,-0.47110235947151247,False
27,16,900027,2,4.2588,49188,0.83604,best/1/bin,incumbent,182,0.367041677236557,0.6835048198699951,0.2134832680225372,0.378991617821157,0.012540445663034916,0.0,True,True,0,0,0.1132354736328125,2.958709716796875,0.1132354736328125,1.4171198201530752,False
27,16,900027,3,5.007333333333333,113070,0.6231,best/1/bin,incumbent,185,0.4025055766105652,0.7410653233528137,0.25078696161508557,0.39476751536130905,0.013583128340542316,0.0,True,True,0,1,0.235748291015625,0.1132354736328125,0.1132354736328125,0.0,False
27,16,900027,4,6.494,188180,0.37273333333333336,best/1/bin,incumbent,191,0.4111205041408539,0.7090502977371216,0.32532494664192196,0.3857015101239085,0.013286994770169258,0.0,True,True,1,2,0.2177734375,0.1132354736328125,0.1132354736328125,0.0,False
27,16,900027,5,0.9521333333333334,285590,0.04803333333333333,best/1/bin,incumbent,193,0.4308054745197296,0.725422203540802,0.3709308683872222,0.39496294036507607,0.013589520938694477,0.022459853440523148,True,True,2,3,1.29022216796875,0.1132354736328125,0.1132354736328125,0.0,False
27,16,900027,6,0.0058,299872,0.00042666666666666667,current-to-pbest/1/bin,incumbent,87,0.6347216963768005,0.5143479108810425,0.563730788230896,0.9607765153050423,0.03229965642094612,0.07632721960544586,True,True,3,4,5.2790069580078125,0.1132354736328125,0.1132354736328125,0.0,False
27,16,900027,7,0.0027333333333333333,299959,0.00013666666666666666,rand/2/bin,random,41,0.5778106451034546,0.4448285400867462,0.6008709073066711,2.1612503081560135,0.11237446218729019,0.23039226233959198,True,False,4,5,6.1456146240234375,0.1132354736328125,0.1132354736328125,0.0,True
28,16,900028,1,2.2796,15000,0.95,best/1/bin,incumbent,41,0.05593360960483551,0.8071200251579285,0.114092168956995,0.9695092141628265,0.5643125176429749,0.0,False,True,0,0,2.061553955078125,2.85723876953125,2.061553955078125,-0.3141947077664784,False
28,16,900028,2,4.2885333333333335,49194,0.83602,best/1/bin,incumbent,187,0.372035413980484,0.6916142702102661,0.21477998197078702,0.3800809718668461,0.013529780320823193,0.0,True,True,0,0,0.3100128173828125,2.061553955078125,0.3100128173828125,0.8228150437827911,False
28,16,900028,3,4.600333333333333,113522,0.6215933333333333,best/1/bin,incumbent,185,0.381610631942749,0.7118856310844421,0.23042291998863218,0.38619824778288603,0.014581304974853992,7.581709837722883e-08,True,True,0,1,0.4680938720703125,0.3100128173828125,0.3100128173828125,0.0,False
28,16,900028,4,5.9508,182527,0.3915766666666667,best/1/bin,incumbent,174,0.40681734681129456,0.730299711227417,0.2978160500526428,0.40404810290783644,0.015226423740386963,0.0,True,True,1,0,0.23309326171875,0.3100128173828125,0.23309326171875,0.12384992627431612,False
28,16,900028,5,1.87,271789,0.09403666666666667,best/1/bin,centroid,170,0.43119826912879944,0.7578680515289307,0.33466670513153074,0.42530983313918114,0.016062229871749878,7.303555804583084e-08,True,True,0,0,0.206787109375,0.23309326171875,0.206787109375,0.052006254344429625,False
28,16,900028,6,0.010733333333333333,299839,0.0005366666666666666,best/1/bin,centroid,161,0.41041019558906555,0.7470151782035828,0.30182174146175383,0.42457595467567444,0.01656346209347248,0.04301249980926514,True,True,0,1,6.6234283447265625,0.206787109375,0.206787109375,0.0,True
29,16,900029,1,2.2792,15000,0.95,best/1/bin,incumbent,42,0.05597541108727455,0.8060802817344666,0.11402872130274773,0.9652308449149132,0.43898338079452515,0.0,False,True,0,0,1.6236572265625,3.4240570068359375,1.6236572265625,-0.21049435250304382,False
29,16,900029,2,4.255,49188,0.83604,best/1/bin,incumbent,185,0.37033918499946594,0.688938319683075,0.2129747077822685,0.3795783640816808,0.014154610224068165,0.0089412247762084,True,True,0,0,0.3334197998046875,1.6236572265625,0.3334197998046875,0.6875029530720039,False
29,16,900029,3,4.716,113013,0.62329,best/1/bin,random,180,0.39941784739494324,0.7537403702735901,0.2361386939883232,0.39911071211099625,0.016654638573527336,0.0,True,False,0,0,0.263275146484375,0.3334197998046875,0.263275146484375,0.10258151985703723,False
29,16,900029,4,5.3568,183753,0.38749,best/1/bin,incumbent,186,0.4048089385032654,0.7353175282478333,0.268053762614727,0.39228829368948936,0.01609286107122898,0.0,True,True,0,0,0.207244873046875,0.263275146484375,0.207244873046875,0.10392606311135566,False
29,16,900029,5,2.3811333333333335,264105,0.11965,best/1/bin,incumbent,191,0.3981439769268036,0.7085376381874084,0.28165488243103026,0.38469434808939695,0.016041742637753487,5.840062726747419e-07,True,True,0,1,0.251861572265625,0.207244873046875,0.207244873046875,0.0,False
29,16,900029,6,0.0114,299822,0.0005933333333333333,best/1/bin,centroid,171,0.43794500827789307,0.7367995977401733,0.3608589589595794,0.4516110513359308,0.01883218251168728,0.0488283596932888,True,False,1,2,4.218048095703125,0.207244873046875,0.207244873046875,0.0,True
30,16,900030,1,2.2792,15000,0.95,best/1/bin,incumbent,42,0.055828262120485306,0.8067231178283691,0.11409489139914512,0.9722018092870712,0.4882146120071411,0.0,False,True,0,0,1.820648193359375,3.4148101806640625,1.820648193359375,-0.2602260368988823,False
30,16,900030,2,4.2688,49188,0.83604,best/1/bin,incumbent,184,0.3702656924724579,0.6879692077636719,0.21394743770360947,0.3793974658474326,0.013447707518935204,2.6265142878401093e-05,True,True,0,0,0.4791259765625,1.820648193359375,0.4791259765625,0.5797763103850598,False
30,16,900030,3,4.337666666666666,113220,0.6226,best/1/bin,random,169,0.36790648102760315,0.738554835319519,0.2170287728309631,0.40796105936169624,0.01701197400689125,0.0,True,False,0,0,0.2230072021484375,0.4791259765625,0.2230072021484375,0.3321308179696069,False
30,16,900030,4,5.276533333333333,178285,0.40571666666666667,best/1/bin,incumbent,188,0.39417681097984314,0.7070574164390564,0.26424384564161296,0.383125938475132,0.01597634144127369,0.0061219437047839165,True,True,0,1,0.32421875,0.2230072021484375,0.2230072021484375,0.0,False
30,16,900030,5,2.8324,257433,0.14189,best/1/bin,centroid,146,0.4403873682022095,0.7244876623153687,0.37540795803070065,0.4628311675041914,0.019306903705000877,0.008687031455338001,True,False,1,0,0.1818695068359375,0.2230072021484375,0.1818695068359375,0.08855899551343438,False
30,16,900030,6,0.0054,299919,0.00027,best/1/bin,centroid,81,0.44185397028923035,0.7448343634605408,0.3771599769592285,0.5207294411957264,0.021619444712996483,0.051630936563014984,True,True,0,1,5.6810455322265625,0.1818695068359375,0.1818695068359375,0.0,True
31,16,900031,1,2.2792,15000,0.95,best/1/bin,incumbent,42,0.05596860870718956,0.8074567914009094,0.11409390568733214,0.9667358100414276,0.5153293013572693,0.0,False,True,0,0,1.638397216796875,3.9821319580078125,1.638397216796875,-0.21441920419574056,False
31,16,900031,2,4.2532,49188,0.83604,best/1/bin,incumbent,186,0.3715069890022278,0.6920889616012573,0.21289976686239243,0.38016392197459936,0.014302548952400684,0.0,True,True,0,0,0.557647705078125,1.638397216796875,0.557647705078125,0.4680592771464026,False
31,16,900031,3,4.3548,112986,0.62338,best/1/bin,random,171,0.3743428587913513,0.7388806343078613,0.21803348809480666,0.40369895845651627,0.01669040136039257,0.0,True,False,0,0,0.3431854248046875,0.557647705078125,0.3431854248046875,0.21083107945245683,False
31,16,900031,4,5.1408,178308,0.40564,best/1/bin,incumbent,189,0.3925095498561859,0.7134119272232056,0.25716529488563533,0.3848578818142414,0.01579960808157921,0.0,True,True,0,0,0.1601409912109375,0.3431854248046875,0.1601409912109375,0.3310263081826543,False
31,16,900031,5,2.9668666666666668,255420,0.1486,best/1/bin,incumbent,191,0.40252000093460083,0.7218118906021118,0.2784004509449005,0.3891879040747881,0.01622914895415306,1.623600724087737e-06,True,True,0,1,0.1781158447265625,0.1601409912109375,0.1601409912109375,0.0,False
31,16,900031,6,0.0051333333333333335,299923,0.00025666666666666665,best/1/bin,centroid,77,0.46143943071365356,0.7276992201805115,0.43271820843219755,0.4686720557510853,0.01936824433505535,0.04568572714924812,True,False,1,2,6.9130706787109375,0.1601409912109375,0.1601409912109375,0.0,True
32,16,900032,1,2.2823333333333333,15000,0.95,best/1/bin,incumbent,41,0.05609465017914772,0.8088300824165344,0.11417433843016624,0.9781284853816032,0.5251712203025818,0.0,False,True,0,0,2.3440399169921875,3.1039581298828125,2.3440399169921875,-0.36996500492485207,False
32,16,900032,2,4.216,49235,0.8358833333333333,best/1/bin,incumbent,186,0.37051188945770264,0.692590594291687,0.21093731522560116,0.3804451245814562,0.01395645271986723,4.5677023052803634e-08,True,True,0,0,0.283538818359375,2.3440399169921875,0.283538818359375,0.917352464491189,False
32,16,900032,3,4.301,112475,0.6250833333333333,best/1/bin,centroid,165,0.3699028491973877,0.7569607496261597,0.2151585891842842,0.42973791621625423,0.016584621742367744,0.0,True,True,0,1,0.58099365234375,0.283538818359375,0.283538818359375,0.0,False
32,16,900032,4,5.5924,176990,0.41003333333333336,best/1/bin,incumbent,186,0.39916539192199707,0.7186618447303772,0.27964845597743987,0.38968471344560385,0.015081416815519333,0.02014029584825039,True,True,1,2,0.3712921142578125,0.283538818359375,0.283538818359375,0.0,False
32,16,900032,5,2.6076,260876,0.13041333333333333,best/1/bin,random,106,0.43551769852638245,0.6932144165039062,0.35473437607288355,0.6171984188258648,0.025655977427959442,0.04541906341910362,True,False,2,3,3.0513763427734375,0.283538818359375,0.283538818359375,0.0,True
33,16,900033,1,2.282,15000,0.95,best/1/bin,incumbent,42,0.05581721290946007,0.8086547255516052,0.11420839577913285,0.9846931099891663,0.4460272192955017,0.0,False,True,0,0,1.979827880859375,3.4064788818359375,1.979827880859375,-0.29662743809039344,False
33,16,900033,2,4.2952,49230,0.8359,best/1/bin,incumbent,182,0.3683999180793762,0.6844009160995483,0.21486669778823853,0.3789525758475065,0.014237934723496437,0.0,True,True,0,0,0.3576812744140625,1.979827880859375,0.3576812744140625,0.743131221699725,False
33,16,900033,3,4.572,113658,0.62114,best/1/bin,random,180,0.3855631351470947,0.7312098741531372,0.22886061370372773,0.3941525863483548,0.016319546848535538,0.001510158646851778,True,False,0,1,0.434814453125,0.3576812744140625,0.3576812744140625,0.0,False
33,16,900033,4,5.385066666666667,182238,0.39254,best/1/bin,incumbent,184,0.3965024948120117,0.7171722054481506,0.269272169470787,0.3879154799506068,0.015326441265642643,0.0,True,True,1,0,0.262969970703125,0.3576812744140625,0.262969970703125,0.1335900418898296,False
33,16,900033,5,2.4644,263014,0.12328666666666667,best/1/bin,incumbent,183,0.4064403474330902,0.7377616167068481,0.2793938338756561,0.3950906591489911,0.01565343141555786,0.012517194263637066,True,True,0,1,0.269866943359375,0.262969970703125,0.262969970703125,0.0,False
33,16,900033,6,0.0013333333333333333,299980,6.666666666666667e-05,best/1/bin,incumbent,20,0.43012452125549316,0.7462090849876404,0.32017907500267023,0.450604934245348,0.017817698419094086,0.03156886249780655,True,True,1,2,7.7694091796875,0.262969970703125,0.262969970703125,0.0,True
34,16,900034,1,2.2796,15000,0.95,best/1/bin,incumbent,41,0.055837005376815796,0.8079158663749695,0.11410043016076088,0.9733600169420242,0.4480012357234955,0.0,False,True,0,0,1.3813018798828125,3.446685791015625,1.3813018798828125,-0.14028860600944548,False
34,16,900034,2,4.218,49194,0.83602,best/1/bin,incumbent,185,0.3695191740989685,0.6921275854110718,0.21113691180944444,0.38042675610631704,0.013818573206663132,0.0,True,True,0,0,0.462188720703125,1.3813018798828125,0.462188720703125,0.4754692539038138,False
34,16,900034,3,4.4574,112464,0.62512,best/1/bin,random,171,0.3781561255455017,0.7441259026527405,0.2234057918190956,0.4062819369137287,0.01694195531308651,0.0,True,False,0,0,0.40740966796875,0.462188720703125,0.40740966796875,0.054788010704859336,False
34,16,900034,4,4.911866666666667,179325,0.40225,best/1/bin,incumbent,187,0.3842061460018158,0.7066304683685303,0.2456278935074806,0.38497316371649504,0.01605338416993618,0.0,True,True,0,0,0.1725921630859375,0.40740966796875,0.1725921630859375,0.3730102444750094,False
34,16,900034,5,3.1291333333333333,253003,0.15665666666666667,best/1/bin,incumbent,187,0.4082412123680115,0.7360761761665344,0.27978554368019104,0.3936912640929222,0.01641693152487278,0.0,True,True,0,0,0.1030120849609375,0.1725921630859375,0.1030120849609375,0.22413287740107757,False
34,16,900034,6,0.004,299940,0.0002,best/1/bin,centroid,60,0.4505750238895416,0.763171374797821,0.35895392000675197,0.4307826142758131,0.01796364039182663,0.04110418260097504,True,True,0,1,8.191131591796875,0.1030120849609375,0.1030120849609375,0.0,True
35,16,900035,1,2.2792,15000,0.95,best/1/bin,incumbent,42,0.056039631366729736,0.8069792985916138,0.114068753272295,0.9673851504921913,0.4273257255554199,0.0,False,True,0,0,1.9311676025390625,3.6208953857421875,1.9311676025390625,-0.2858199692955717,False
35,16,900035,2,4.2822,49188,0.83604,best/1/bin,incumbent,183,0.3688349425792694,0.6854652762413025,0.21460618823766708,0.3791570672765374,0.013954903930425644,0.0,True,True,0,0,0.1729278564453125,1.9311676025390625,0.1729278564453125,1.0479549860374406,False
35,16,900035,3,4.8484,113421,0.62193,best/1/bin,incumbent,186,0.39737480878829956,0.7394394874572754,0.24260414540767666,0.39378735795617104,0.015467978082597256,0.0,True,True,0,1,0.2104949951171875,0.1729278564453125,0.1729278564453125,0.0,False
35,16,900035,4,6.673066666666666,186147,0.37951,best/1/bin,incumbent,184,0.42801687121391296,0.7434402704238892,0.33409727215766905,0.4025962557643652,0.015804708003997803,0.0,True,True,1,0,0.136688232421875,0.1729278564453125,0.136688232421875,0.10213382400053095,False
35,16,900035,5,0.912,286243,0.045856666666666664,best/1/bin,incumbent,190,0.4127720892429352,0.7232709527015686,0.30943706929683684,0.39085688441991806,0.015143588185310364,0.03157579526305199,True,True,0,1,1.473785400390625,0.136688232421875,0.136688232421875,0.0,False
35,16,900035,6,0.0051333333333333335,299923,0.00025666666666666665,current-to-pbest/1/bin,incumbent,77,0.6030425429344177,0.5206322073936462,0.5010841488838196,1.1318555548787117,0.043700210750103,0.09904363751411438,True,True,1,2,5.6219482421875,0.136688232421875,0.136688232421875,0.0,True
36,16,900036,1,2.2792,15000,0.95,best/1/bin,incumbent,42,0.05581527575850487,0.8045204877853394,0.11405548974871635,0.9625366926193237,0.4459984004497528,0.0,False,True,0,0,3.018768310546875,3.317962646484375,3.018768310546875,-0.4798297837852833,False
36,16,900036,2,4.232,49188,0.83604,best/1/bin,incumbent,184,0.3694114089012146,0.6885260939598083,0.2121401384472847,0.37973155081272125,0.013766034506261349,0.0,True,True,0,0,0.2169952392578125,3.018768310546875,0.2169952392578125,1.1433795579722477,False
36,16,900036,3,4.762666666666667,112668,0.62444,best/1/bin,incumbent,188,0.3886820077896118,0.7196021676063538,0.2385339871048927,0.38756402023136616,0.014992205426096916,0.0,True,True,0,0,0.18280029296875,0.2169952392578125,0.18280029296875,0.07447331462557705,False
36,16,900036,4,5.4432,184108,0.3863066666666667,best/1/bin,incumbent,189,0.3979080021381378,0.717562198638916,0.2724214315414428,0.38794021029025316,0.015226861461997032,0.0,True,True,0,1,0.3561553955078125,0.18280029296875,0.18280029296875,0.0,False
36,16,900036,5,2.2736,265756,0.11414666666666666,best/1/bin,centroid,174,0.44209781289100647,0.7463098764419556,0.378231331706047,0.42107425536960363,0.01650264672935009,2.4080276261884137e-07,True,False,1,0,0.0806427001953125,0.18280029296875,0.0806427001953125,0.3554117963135568,False
36,16,900036,6,0.009333333333333334,299860,0.00046666666666666666,best/1/bin,centroid,140,0.43860769271850586,0.7629441022872925,0.35770623683929437,0.43804563023149967,0.017338190227746964,0.044205307960510254,True,True,0,1,6.0024871826171875,0.0806427001953125,0.0806427001953125,0.0,True
37,16,900037,1,2.2823333333333333,15000,0.95,best/1/bin,incumbent,41,0.055796246975660324,0.8084897398948669,0.11416778713464737,0.9809324592351913,0.4491952955722809,0.0,False,True,0,0,1.8030242919921875,3.7812957763671875,1.8030242919921875,-0.2560015803829558,False
37,16,900037,2,4.2944,49235,0.8358833333333333,best/1/bin,incumbent,183,0.3694539964199066,0.6856347918510437,0.21531343311071394,0.3790116049349308,0.014344506897032261,0.0,True,True,0,0,0.23004150390625,1.8030242919921875,0.23004150390625,0.8941953633501258,False
37,16,900037,3,4.822333333333333,113651,0.6211633333333333,best/1/bin,incumbent,185,0.39112937450408936,0.724576473236084,0.24144481420516967,0.3889911165460944,0.015114125795662403,0.0,True,True,0,1,0.7034454345703125,0.23004150390625,0.23004150390625,0.0,False
37,16,900037,4,6.5624666666666664,185986,0.38004666666666664,best/1/bin,incumbent,173,0.41420605778694153,0.7215352058410645,0.3285840719938278,0.4083560584113002,0.01584087871015072,0.0,True,True,1,2,0.337646484375,0.23004150390625,0.23004150390625,0.0,False
37,16,900037,5,1.026,284423,0.051923333333333335,best/1/bin,incumbent,190,0.41569602489471436,0.7211235165596008,0.328831934928894,0.3926427960395813,0.015251176431775093,0.02257649227976799,True,True,2,3,0.38299560546875,0.23004150390625,0.23004150390625,0.0,False
37,16,900037,6,0.007333333333333333,299813,0.0006233333333333334,best/1/bin,random,110,0.4394889175891876,0.667106032371521,0.3360659331083297,0.556158859282732,0.023339638486504555,0.06079559773206711,True,False,3,4,5.909881591796875,0.23004150390625,0.23004150390625,0.0,False
37,16,900037,7,0.004733333333333333,299923,0.00025666666666666665,rand/1/bin,random,71,0.6121698617935181,0.4113827645778656,0.5070900976657867,1.9072459936141968,0.08729817718267441,0.19719475507736206,True,False,4,5,8.860122680664062,0.23004150390625,0.23004150390625,0.0,True
38,16,900038,1,2.282,15000,0.95,best/1/bin,incumbent,42,0.0556759238243103,0.8062150478363037,0.11417996436357498,0.9747926965355873,0.4754619896411896,0.0,False,True,0,0,1.7377777099609375,3.2913970947265625,1.7377777099609375,-0.23999422483528332,False
38,16,900038,2,4.307333333333333,49230,0.8359,best/1/bin,incumbent,182,0.36857786774635315,0.6839141249656677,0.2155962586402893,0.37886415515094995,0.01248930674046278,0.0,True,True,0,0,0.617706298828125,1.7377777099609375,0.617706298828125,0.4492121878892841,False
38,16,900038,3,4.2904,113840,0.6205333333333334,best/1/bin,random,173,0.3714907169342041,0.7189168930053711,0.21466867029666897,0.392991510219872,0.01633007451891899,0.0,True,False,0,0,0.324188232421875,0.617706298828125,0.324188232421875,0.279984777031576,False
38,16,900038,4,4.9492666666666665,178196,0.40601333333333334,best/1/bin,incumbent,187,0.3885524868965149,0.7128702998161316,0.24750309288501737,0.38573965057730675,0.01608535274863243,0.0,True,True,0,0,0.28216552734375,0.324188232421875,0.28216552734375,0.060293290380599385,False
38,16,900038,5,3.1626,252435,0.15855,best/1/bin,incumbent,189,0.39553147554397583,0.7140251398086548,0.2686552479863167,0.3869483023881912,0.01595926098525524,1.4237264167604735e-06,True,True,0,0,0.1795654296875,0.28216552734375,0.1795654296875,0.1962812162521873,False
38,16,900038,6,0.0084,299874,0.00042,best/1/bin,centroid,126,0.4059339165687561,0.7548703551292419,0.3075271219015121,0.4614376835525036,0.01900968886911869,0.04887234792113304,True,True,0,1,6.77484130859375,0.1795654296875,0.1795654296875,0.0,True
39,16,900039,1,2.2796,15000,0.95,best/1/bin,incumbent,41,0.055969394743442535,0.8057713508605957,0.11399400010704994,0.9667738378047943,0.46821922063827515,0.0,False,True,0,0,2.8339996337890625,3.2603912353515625,2.8339996337890625,-0.45239979132412533,False
39,16,900039,2,4.2456,49194,0.83602,best/1/bin,incumbent,183,0.36794987320899963,0.6852832436561584,0.21281142830848693,0.3792797764763236,0.013974053785204887,0.0,True,True,0,0,0.29791259765625,2.8339996337890625,0.29791259765625,0.9783109083854251,False
39,16,900039,3,4.6256,112878,0.62374,best/1/bin,random,177,0.3939005434513092,0.7538042664527893,0.23149356395006176,0.4047083845362067,0.01687633991241455,0.0,True,False,0,0,0.237518310546875,0.29791259765625,0.237518310546875,0.09839176916497372,False
39,16,900039,4,5.244,182262,0.39246,best/1/bin,incumbent,190,0.3946765661239624,0.7144972085952759,0.2627037078142166,0.38577663339674473,0.01583494059741497,0.0,True,True,0,1,0.42431640625,0.237518310546875,0.237518310546875,0.0,False
39,16,900039,5,2.604,260922,0.13026,best/1/bin,incumbent,180,0.4291050434112549,0.7418578863143921,0.34021123349666593,0.40264698676764965,0.0165267214179039,2.0599361505446723e-06,True,True,1,0,0.20294189453125,0.237518310546875,0.20294189453125,0.06832538203039817,False
39,16,900039,6,0.0012,299982,6e-05,best/1/bin,centroid,18,0.41179192066192627,0.7435740828514099,0.32630422115325924,0.4596878532320261,0.018974637612700462,0.0354817733168602,True,True,0,1,5.98443603515625,0.20294189453125,0.20294189453125,0.0,True
40,16,900040,1,2.2823333333333333,15000,0.95,best/1/bin,incumbent,41,0.055575620383024216,0.809289276599884,0.11421512812376022,0.9942891374230385,0.5343557596206665,0.0,False,True,0,0,1.834197998046875,3.84600830078125,1.834197998046875,-0.2634462174628454,False
40,16,900040,2,4.2688,49235,0.8358833333333333,best/1/bin,incumbent,184,0.36997225880622864,0.6870470643043518,0.2137935057282448,0.3793161138892174,0.014335171319544315,0.0,True,True,0,0,0.3748016357421875,1.834197998046875,0.3748016357421875,0.6896447282695661,False
40,16,900040,3,4.558533333333333,113267,0.6224433333333333,best/1/bin,incumbent,179,0.3839816153049469,0.7279689908027649,0.22839063704013823,0.39287819527089596,0.015522568486630917,0.0,True,True,0,0,0.29541015625,0.3748016357421875,0.29541015625,0.10337605214319712,False
40,16,900040,4,5.142666666666667,181645,0.3945166666666667,best/1/bin,incumbent,190,0.39492231607437134,0.7202720046043396,0.25751673132181163,0.38753008004277945,0.015457794070243835,1.4085769635130418e-06,True,True,0,0,0.2771453857421875,0.29541015625,0.2771453857421875,0.027717769060700004,False
40,16,900040,5,2.7456,258785,0.13738333333333333,best/1/bin,centroid,156,0.3454945981502533,0.7123237252235413,0.2524496093392372,0.4640536494553089,0.018489014357328415,0.0068077039904892445,True,True,0,1,0.441314697265625,0.2771453857421875,0.2771453857421875,0.0,False
40,16,900040,6,0.0020666666666666667,299969,0.00010333333333333333,best/1/bin,incumbent,31,0.4338211119174957,0.7329570651054382,0.35356286764144895,0.41354652028530836,0.01653352566063404,0.03411330655217171,True,True,1,2,8.749923706054688,0.2771453857421875,0.2771453857421875,0.0,True
41,16,900041,1,2.2796,15000,0.95,best/1/bin,incumbent,41,0.05615358427166939,0.8065108060836792,0.11405033320188522,0.957318939268589,0.4806131422519684,0.0,False,True,0,0,1.6187896728515625,3.7717132568359375,1.6187896728515625,-0.20919042780816643,False
41,16,900041,2,4.2532,49194,0.83602,best/1/bin,incumbent,186,0.3715456426143646,0.6910342574119568,0.2130170464515686,0.37995198275893927,0.013807687908411026,0.0,True,True,0,0,0.27392578125,1.6187896728515625,0.27392578125,0.7715575030013404,False
41,16,900041,3,4.7628,112992,0.62336,best/1/bin,incumbent,189,0.3892918825149536,0.722931444644928,0.23832351416349412,0.38829231541603804,0.01547309197485447,0.0,True,True,0,1,0.288482666015625,0.27392578125,0.27392578125,0.0,False
41,16,900041,4,5.597533333333334,184434,0.38522,best/1/bin,incumbent,187,0.39946505427360535,0.7177137136459351,0.28000012040138245,0.3888236694037914,0.015493763610720634,0.005717203952372074,True,True,1,2,0.2856292724609375,0.27392578125,0.27392578125,0.0,False
41,16,900041,5,2.1002666666666667,268397,0.10534333333333333,best/1/bin,incumbent,179,0.4372452199459076,0.7549833655357361,0.3449407994747161,0.40480971336364746,0.016122369095683098,0.019179729744791985,True,True,2,3,0.309906005859375,0.27392578125,0.27392578125,0.0,False
41,16,900041,6,0.0066,299901,0.00033,best/1/bin,random,99,0.41787925362586975,0.7159445881843567,0.3466306716203689,0.5683055128902197,0.023766720667481422,0.06071430444717407,True,False,3,4,4.601776123046875,0.27392578125,0.27392578125,0.0,True
42,16,900042,1,2.2792,15000,0.95,best/1/bin,incumbent,42,0.05578366667032242,0.8050806522369385,0.11401726827025413,0.968610480427742,0.5038326978683472,0.0,False,True,0,0,1.823760986328125,3.3368988037109375,1.823760986328125,-0.2609679234787409,False
42,16,900042,2,4.2688,49188,0.83604,best/1/bin,incumbent,184,0.36942699551582336,0.6861321330070496,0.21383069455623627,0.379267749376595,0.013354046270251274,1.561959606988239e-06,True,True,0,0,0.23309326171875,1.823760986328125,0.23309326171875,0.8934381857693698,False
42,16,900042,3,4.8091333333333335,113220,0.6226,best/1/bin,random,179,0.39592042565345764,0.7543848752975464,0.24089179635047914,0.40588953997939825,0.016925597563385963,0.0,True,False,0,0,0.192840576171875,0.23309326171875,0.192840576171875,0.08233129478419388,False
42,16,900042,4,5.5069333333333335,185357,0.38214333333333333,best/1/bin,incumbent,193,0.40571412444114685,0.7367444634437561,0.2754781574010849,0.39311498776078224,0.016392894089221954,7.378241207334213e-06,True,True,0,1,0.493438720703125,0.192840576171875,0.192840576171875,0.0,False
42,16,900042,5,2.1241333333333334,267961,0.10679666666666666,best/1/bin,incumbent,178,0.4279913604259491,0.7219080328941345,0.360391154885292,0.40272392332553864,0.016793591901659966,0.016995640471577644,True,True,1,2,0.22686767578125,0.192840576171875,0.192840576171875,0.0,False
42,16,900042,6,0.0086,299823,0.00059,best/1/bin,centroid,129,0.468921422958374,0.7217838168144226,0.3986797153949737,0.5116473212838173,0.021041100844740868,0.0520901158452034,True,False,2,3,6.7950439453125,0.192840576171875,0.192840576171875,0.0,False
42,16,900042,7,0.0032,299952,0.00016,rand/1/bin,random,48,0.6037836074829102,0.40108975768089294,0.5305543303489685,1.9488298445940018,0.08999653160572052,0.1966066062450409,True,False,3,4,6.431915283203125,0.192840576171875,0.192840576171875,0.0,True
43,16,900043,1,2.2792,15000,0.95,best/1/bin,incumbent,42,0.05589824169874191,0.8057416081428528,0.11402892246842385,0.9659194424748421,0.46059519052505493,0.0,False,True,0,0,2.124603271484375,3.1019744873046875,2.124603271484375,-0.327277847917174,False
43,16,900043,2,4.2565333333333335,49188,0.83604,best/1/bin,incumbent,184,0.36923596262931824,0.6864684224128723,0.21307267546653746,0.37936627119779587,0.01400691643357277,0.0,True,True,0,0,0.3153533935546875,2.124603271484375,0.3153533935546875,0.8284803252973869,False
43,16,900043,3,4.725066666666667,113036,0.6232133333333333,best/1/bin,incumbent,188,0.38958093523979187,0.7254083752632141,0.23652608543634412,0.38836168125271797,0.015448717400431633,0.0,True,True,0,1,0.473419189453125,0.3153533935546875,0.3153533935546875,0.0,False
43,16,900043,4,5.5944,183912,0.38696,best/1/bin,incumbent,189,0.39834707975387573,0.7144277691841125,0.280344408750534,0.38705890253186226,0.015398921445012093,0.006834336556494236,True,True,1,0,0.2400360107421875,0.3153533935546875,0.2400360107421875,0.11852110409261096,False
43,16,900043,5,2.1344,267828,0.10724,best/1/bin,incumbent,184,0.4142160713672638,0.7442740797996521,0.2868311434984207,0.3980265110731125,0.01578431762754917,0.028759323060512543,True,True,0,1,0.4297027587890625,0.2400360107421875,0.2400360107421875,0.0,False
43,16,900043,6,0.005533333333333334,299844,0.00052,best/1/bin,random,83,0.40814313292503357,0.6625548601150513,0.31695261895656585,0.8115117251873016,0.03346293792128563,0.07964756339788437,True,False,1,2,5.656768798828125,0.2400360107421875,0.2400360107421875,0.0,False
43,16,900043,7,0.004666666666666667,299927,0.00024333333333333333,rand/1/bin,random,70,0.5256795883178711,0.4331507682800293,0.42775381505489346,1.9409602284431458,0.10192472487688065,0.23285645246505737,True,False,2,3,6.2321014404296875,0.2400360107421875,0.2400360107421875,0.0,True
44,16,900044,1,2.2823333333333333,15000,0.95,best/1/bin,incumbent,41,0.055782392621040344,0.8093795776367188,0.114239402115345,0.9851709976792336,0.5358034372329712,0.0,False,True,0,0,1.3497314453125,3.6367950439453125,1.3497314453125,-0.13024736917845126,False
44,16,900044,2,4.261333333333333,49235,0.8358833333333333,best/1/bin,incumbent,188,0.37370073795318604,0.7013953328132629,0.21366757601499559,0.3822293560951948,0.015153542160987854,0.009802552871406078,True,True,0,0,0.180572509765625,1.3497314453125,0.180572509765625,0.8735957108101835,False
44,16,900044,3,4.9787333333333335,113155,0.6228166666666667,best/1/bin,incumbent,191,0.400146484375,0.7371217012405396,0.249456250667572,0.3913811696693301,0.01569773070514202,0.0,True,True,0,1,0.255218505859375,0.180572509765625,0.180572509765625,0.0,False
44,16,900044,4,6.121133333333334,187836,0.37388,best/1/bin,incumbent,187,0.40490344166755676,0.7093883752822876,0.30612676739692685,0.3870253721252084,0.015520370565354824,0.0,True,True,1,2,0.257080078125,0.180572509765625,0.180572509765625,0.0,False
44,16,900044,5,1.3514666666666666,279653,0.06782333333333333,best/1/bin,incumbent,181,0.4553981125354767,0.7478481531143188,0.4000223755836486,0.4147263541817665,0.016559971496462822,0.02991478703916073,True,True,2,3,1.605560302734375,0.180572509765625,0.180572509765625,0.0,False
44,16,900044,6,0.005,299925,0.00025,best/1/bin,random,75,0.46901291608810425,0.5330466032028198,0.45012536942958825,0.9154412746429443,0.03863406553864479,0.09485886991024017,True,False,3,4,6.6399383544921875,0.180572509765625,0.180572509765625,0.0,True
45,16,900045,1,2.2823333333333333,15000,0.95,best/1/bin,incumbent,41,0.05582281947135925,0.8094074130058289,0.11413143649697303,0.9939434453845024,0.43944188952445984,0.0,False,True,0,0,2.184173583984375,3.4650726318359375,2.184173583984375,-0.3392871523080947,False
45,16,900045,2,4.270933333333334,49235,0.8358833333333333,best/1/bin,incumbent,182,0.3680816888809204,0.6847735643386841,0.21410562098026276,0.3790478501468897,0.014391008764505386,6.564458772118087e-07,True,True,0,0,0.4966583251953125,2.184173583984375,0.4966583251953125,0.6432294238686047,False
45,16,900045,3,3.6153333333333335,113299,0.6223366666666666,best/1/bin,centroid,145,0.30446499586105347,0.7381628155708313,0.18111270666122437,0.47070908173918724,0.01815045066177845,0.0,True,True,0,1,0.500457763671875,0.4966583251953125,0.4966583251953125,0.0,False
45,16,900045,4,5.0258666666666665,167529,0.44157,best/1/bin,incumbent,188,0.3863789141178131,0.6969481110572815,0.25167864859104155,0.38029931392520666,0.014794159680604935,0.0,True,True,1,0,0.1488494873046875,0.4966583251953125,0.1488494873046875,0.5233103561558996,False
45,16,900045,5,3.7945333333333333,242917,0.19027666666666668,best/1/bin,incumbent,191,0.40807709097862244,0.7318716049194336,0.2825319916009903,0.3912458186969161,0.01563207246363163,0.0,True,True,0,1,0.2395782470703125,0.1488494873046875,0.1488494873046875,0.0,False
45,16,900045,6,0.011,299835,0.00055,best/1/bin,centroid,165,0.45946750044822693,0.7194187641143799,0.4348395943641662,0.43737995997071266,0.017564207315444946,0.04491959884762764,True,False,1,2,6.5384674072265625,0.1488494873046875,0.1488494873046875,0.0,True
46,16,900046,1,2.2792,15000,0.95,best/1/bin,incumbent,42,0.055929914116859436,0.8060779571533203,0.11403967812657356,0.9671846032142639,0.4387115240097046,0.0,False,True,0,1,3.8773651123046875,2.989654541015625,2.989654541015625,-0.47562100930937784,False
46,16,900046,2,4.404333333333334,49188,0.83604,best/1/bin,incumbent,181,0.36984801292419434,0.6816157698631287,0.2208048403263092,0.3780387006700039,0.012085902504622936,0.0,True,True,1,0,0.1866302490234375,2.989654541015625,0.1866302490234375,1.2046389504909427,False
46,16,900046,3,4.8112,115253,0.6158233333333333,best/1/bin,incumbent,186,0.39332225918769836,0.73140949010849,0.24079425781965252,0.3911825381219387,0.014299975708127022,0.0,True,True,0,1,0.27947998046875,0.1866302490234375,0.1866302490234375,0.0,False
46,16,900046,4,6.108666666666666,187421,0.37526333333333334,best/1/bin,incumbent,187,0.41247719526290894,0.7287276387214661,0.305557307600975,0.39213286340236664,0.01433299109339714,0.0,True,True,1,2,0.3073272705078125,0.1866302490234375,0.1866302490234375,0.0,False
46,16,900046,5,1.3879333333333332,279051,0.06983,best/1/bin,incumbent,191,0.40948909521102905,0.7060783505439758,0.3244960099458694,0.38532839342951775,0.014096538536250591,0.008688943460583687,True,True,2,3,0.4178466796875,0.1866302490234375,0.1866302490234375,0.0,False
46,16,900046,6,0.008666666666666666,299870,0.0004333333333333333,best/1/bin,incumbent,130,0.4604005813598633,0.6931160688400269,0.40028697550296777,0.49399147741496563,0.017827169969677925,0.04495886713266373,True,True,3,4,5.7610015869140625,0.1866302490234375,0.1866302490234375,0.0,True
47,16,900047,1,2.2792,15000,0.95,best/1/bin,incumbent,42,0.055928099900484085,0.8057459592819214,0.11404066383838653,0.9600382521748543,0.5026904940605164,0.0,False,True,0,0,1.8668212890625,4.0493927001953125,1.8668212890625,-0.27110274722305244,False
47,16,900047,2,4.2565333333333335,49188,0.83604,best/1/bin,incumbent,184,0.3694486916065216,0.686833381652832,0.21343492120504376,0.37934356927871704,0.01328316330909729,0.0,True,True,0,0,0.2900390625,1.8668212890625,0.2900390625,0.8086462395719975,False
47,16,900047,3,4.562133333333334,113036,0.6232133333333333,best/1/bin,incumbent,182,0.3818856179714203,0.7157701253890991,0.22854446172714232,0.3877954035997391,0.014889960177242756,0.0,True,True,0,1,0.5936737060546875,0.2900390625,0.2900390625,0.0,False
47,16,900047,4,6.182533333333334,181468,0.39510666666666666,best/1/bin,incumbent,178,0.4150346517562866,0.7340401411056519,0.3093606531620025,0.4034786904230714,0.015467655844986439,0.0,True,True,1,0,0.1704559326171875,0.2900390625,0.1704559326171875,0.2308443609839803,False
47,16,900047,5,1.719,274206,0.08598,best/1/bin,incumbent,191,0.40326157212257385,0.7120106220245361,0.28621305525302887,0.38465390261262655,0.01459687389433384,1.9814372080873e-06,True,True,0,0,0.1615447998046875,0.1704559326171875,0.1615447998046875,0.023319137327301287,True
48,16,900048,1,2.2796,15000,0.95,best/1/bin,incumbent,41,0.05579879879951477,0.8076415061950684,0.11408933252096176,0.9754466265439987,0.5056683421134949,0.0,False,True,0,0,2.008941650390625,3.4706573486328125,2.008941650390625,-0.30296732503181756,False
48,16,900048,2,4.2796666666666665,49194,0.83602,best/1/bin,incumbent,185,0.37099507451057434,0.6889570951461792,0.21441419571638104,0.3795276125892997,0.014726096764206886,3.3855435788154864e-08,True,True,0,0,0.3060760498046875,2.008941650390625,0.3060760498046875,0.8171379630964282,False
48,16,900048,3,4.5136,113389,0.6220366666666667,best/1/bin,incumbent,182,0.3839808404445648,0.7270938754081726,0.22601539343595506,0.3915885500609875,0.015834162011742592,0.0,True,True,0,0,0.164794921875,0.3060760498046875,0.164794921875,0.2688855107185071,False
48,16,900048,4,5.548,181093,0.3963566666666667,best/1/bin,incumbent,190,0.40765973925590515,0.7375962138175964,0.27783997654914855,0.392799312248826,0.01621655561029911,1.281102441907933e-07,True,True,0,1,0.37884521484375,0.164794921875,0.164794921875,0.0,False
48,16,900048,5,2.3771333333333335,264313,0.11895666666666667,best/1/bin,incumbent,181,0.44922906160354614,0.7568967938423157,0.37916798591613765,0.41334562469273806,0.017044775187969208,2.4773280529188924e-06,True,True,1,0,0.1195220947265625,0.164794921875,0.1195220947265625,0.13949561896205986,False
48,16,900048,6,0.002,299970,0.0001,best/1/bin,centroid,30,0.4205271005630493,0.7507687211036682,0.3209031105041504,0.46619719825685024,0.019178003072738647,0.04052961617708206,True,True,0,1,9.505783081054688,0.1195220947265625,0.1195220947265625,0.0,True
49,16,900049,1,2.2796,15000,0.95,best/1/bin,incumbent,41,0.055916883051395416,0.8071022033691406,0.11408720016479491,0.9714932963252068,0.51557457447052,0.0,False,True,0,0,1.4517822265625,3.19561767578125,1.4517822265625,-0.16190147824300438,False
49,16,900049,2,4.293333333333333,49194,0.83602,best/1/bin,incumbent,184,0.36994650959968567,0.6877017617225647,0.21490917056798936,0.37949160300195217,0.015033601783216,0.0,True,True,0,0,0.2203369140625,1.4517822265625,0.2203369140625,0.8188141959226105,False
49,16,900049,3,4.776,113594,0.6213533333333333,best/1/bin,incumbent,180,0.39062801003456116,0.730525553226471,0.23896004259586334,0.39283390808850527,0.015575208701193333,0.0,True,True,0,0,0.175384521484375,0.2203369140625,0.175384521484375,0.09909599538399694,False
49,16,900049,4,5.4306,185234,0.38255333333333336,best/1/bin,incumbent,189,0.3960481882095337,0.7126434445381165,0.2716422766447067,0.38640877325087786,0.0156005984172225,0.0,True,True,0,0,0.1210479736328125,0.175384521484375,0.1210479736328125,0.16103372739603883,False
49,16,900049,5,2.2190666666666665,266693,0.11102333333333333,best/1/bin,incumbent,187,0.4298352003097534,0.759390652179718,0.3186474800109863,0.4042176604270935,0.0161119531840086,0.009006011299788952,True,True,0,1,0.2683868408203125,0.1210479736328125,0.1210479736328125,0.0,False
49,16,900049,6,0.0014,299979,7e-05,current-to-pbest/1/bin,incumbent,21,0.49810248613357544,0.6558907628059387,0.4740370482206344,0.6185176707804203,0.02446928434073925,0.044952187687158585,True,True,1,2,8.777130126953125,0.1210479736328125,0.1210479736328125,0.0,True
50,16,900050,1,2.2792,15000,0.95,best/1/bin,incumbent,42,0.055801715701818466,0.8057511448860168,0.11402791664004326,0.9836630821228027,0.4849465787410736,0.0,False,True,0,0,2.0067138671875,2.8279266357421875,2.0067138671875,-0.30248545399372734,False
50,16,900050,2,4.3056,49188,0.83604,best/1/bin,incumbent,184,0.37056639790534973,0.6872577667236328,0.21529943197965623,0.37920966278761625,0.015285950154066086,0.0,True,True,0,0,0.209747314453125,2.0067138671875,0.209747314453125,0.9807890243387818,False
50,16,900050,3,4.862866666666666,113772,0.62076,best/1/bin,incumbent,181,0.3987436294555664,0.7456079721450806,0.24350800961256025,0.3962515816092491,0.016248302534222603,0.0,True,True,0,1,0.2705078125,0.209747314453125,0.209747314453125,0.0,False
50,16,900050,4,5.984666666666667,186715,0.37761666666666666,best/1/bin,incumbent,191,0.4035399258136749,0.7118547558784485,0.2998186945915222,0.3855609754100442,0.015809936448931694,8.953412589107757e-07,True,True,1,2,0.233367919921875,0.209747314453125,0.209747314453125,0.0,False
50,16,900050,5,1.5663333333333334,276485,0.07838333333333333,best/1/bin,centroid,127,0.40654534101486206,0.6886304020881653,0.38016415834426875,0.539217634126544,0.021972527727484703,0.037149615585803986,True,False,2,3,2.902618408203125,0.209747314453125,0.209747314453125,0.0,False
50,16,900050,6,0.0013333333333333333,299980,6.666666666666667e-05,current-to-pbest/1/bin,incumbent,20,0.5610005259513855,0.4769679009914398,0.4975519478321075,1.140912964940071,0.04782382398843765,0.08566325157880783,True,True,3,4,7.5768280029296875,0.209747314453125,0.209747314453125,0.0,True
